0.036822,0.000014,0.000004
0.014524,0.000004,0.000001
0.019672,0.000004,0.000001
0.042798,0.000017,0.000003
0.040293,0.000016,0.000004
0.033381,0.000042,0.000004
0.014480,0.000005,0.000001
0.022971,0.000005,0.000001
0.042558,0.000022,0.000004
0.017532,0.000014,0.000003
1.000000,1.333333
0.038408,0.000023,0.000004
0.013209,0.000017,0.000004
0.012805,0.000022,0.000004
0.029714,0.000011,0.000001
0.015703,0.000013,0.000003
0.037632,0.000005,0.000002
0.037576,0.000014,0.000004
0.014735,0.000012,0.000004
0.012836,0.000015,0.000005
0.027811,0.000004,0.000001
1.000000,1.666667
0.037800,0.000017,0.000004
0.018998,0.000013,0.000001
0.038776,0.000012,0.000001
0.018954,0.000010,0.000001
0.038681,0.000005,0.000001
0.018932,0.000005,0.000001
0.038695,0.000004,0.000001
0.018940,0.000006,0.000001
0.038865,0.000020,0.000004
0.018831,0.000005,0.000001
1.000000,2.000000
0.146827,0.000006,0.000001
0.126966,0.000010,0.000001
0.126408,0.000005,0.000001
0.140907,0.000020,0.000004
0.126767,0.000005,0.000001
0.140881,0.000005,0.000001
0.126791,0.000005,0.000001
0.146019,0.000010,0.000001
0.126218,0.000005,0.000001
0.141611,0.000017,0.000001
1.000000,1.142857
0.016790,0.000006,0.000001
0.016815,0.000017,0.000001
0.016665,0.000005,0.000001
0.019633,0.000005,0.000001
0.024557,0.000005,0.000002
0.039926,0.000013,0.000002
0.022047,0.000017,0.000004
0.017496,0.000005,0.000001
0.030458,0.000015,0.000002
0.016624,0.000016,0.000004
1.000000,1.666667
0.013704,0.000006,0.000001
0.013548,0.000005,0.000001
0.014375,0.000005,0.000001
0.016337,0.000018,0.000004
0.021047,0.000006,0.000001
0.030884,0.000008,0.000002
0.039702,0.000014,0.000004
0.037728,0.000016,0.000004
0.013477,0.000011,0.000001
0.013501,0.000012,0.000001
1.000000,1.666667
0.028807,0.000015,0.000005
0.015393,0.000004,0.000001
0.018245,0.000005,0.000001
0.027121,0.000010,0.000003
0.015451,0.000004,0.000001
0.019361,0.000006,0.000001
0.034731,0.000010,0.000002
0.045605,0.000015,0.000004
0.016032,0.000015,0.000003
0.015999,0.000004,0.000001
1.166667,1.666667
0.026634,0.000013,0.000002
0.015059,0.000014,0.000001
0.016796,0.000026,0.000004
0.022326,0.000007,0.000002
0.035601,0.000007,0.000002
0.015204,0.000022,0.000004
0.019202,0.000020,0.000003
0.033337,0.000016,0.000004
0.044588,0.000013,0.000003
0.017498,0.000013,0.000004
1.000000,1.333333
0.013220,0.000065,0.000001
0.013142,0.000004,0.000001
0.013010,0.000016,0.000001
0.023347,0.000004,0.000001
0.033715,0.000009,0.000002
0.016502,0.000014,0.000005
0.013087,0.000005,0.000001
0.020608,0.000005,0.000001
0.025506,0.000009,0.000002
0.028918,0.000011,0.000002
1.000000,1.666667
0.047894,0.000029,0.000006
0.019153,0.000008,0.000001
0.039015,0.000005,0.000001
0.019196,0.000020,0.000001
0.039048,0.000019,0.000001
0.019048,0.000005,0.000001
0.038735,0.000004,0.000001
0.019291,0.000015,0.000001
0.035581,0.000005,0.000001
0.022488,0.000017,0.000003
1.000000,1.666667
