0.000327,0.000010,0.000003
0.000125,0.000005,0.000002
0.000120,0.000004,0.000002
0.000117,0.000004,0.000002
0.000145,0.000005,0.000002
0.000119,0.000004,0.000002
0.000115,0.000004,0.000002
0.000117,0.000004,0.000002
0.000115,0.000004,0.000002
0.000155,0.000016,0.000002
1.000000,2.000000
0.000246,0.000005,0.000002
0.000175,0.000006,0.000004
0.000158,0.000004,0.000002
0.000140,0.000004,0.000002
0.000138,0.000004,0.000002
0.000138,0.000024,0.000003
0.000152,0.000004,0.000002
0.000142,0.000004,0.000002
0.000139,0.000004,0.000002
0.000137,0.000004,0.000002
1.000000,2.000000
0.000252,0.000005,0.000002
0.000215,0.000005,0.000003
0.000156,0.000004,0.000002
0.000143,0.000004,0.000002
0.000140,0.000004,0.000002
0.000182,0.000006,0.000002
0.000147,0.000004,0.000002
0.000141,0.000004,0.000002
0.000140,0.000004,0.000002
0.000167,0.000005,0.000002
1.000000,2.000000
0.000309,0.000012,0.000003
0.000132,0.000004,0.000002
0.000118,0.000004,0.000002
0.000116,0.000004,0.000002
0.000116,0.000004,0.000002
0.000113,0.000004,0.000002
0.000112,0.000004,0.000002
0.000110,0.000004,0.000002
0.000109,0.000004,0.000002
0.000120,0.000005,0.000003
1.000000,2.000000
0.000252,0.000004,0.000002
0.000155,0.000004,0.000002
0.000150,0.000004,0.000002
0.000151,0.000004,0.000002
0.000146,0.000004,0.000002
0.000147,0.000004,0.000002
0.000144,0.000004,0.000002
0.000228,0.000005,0.000002
0.000150,0.000004,0.000002
0.000144,0.000004,0.000002
1.000000,2.000000
0.000250,0.000004,0.000002
0.000152,0.000004,0.000002
0.000146,0.000004,0.000002
0.000149,0.000004,0.000002
0.000143,0.000004,0.000002
0.000219,0.000005,0.000002
0.000154,0.000004,0.000002
0.000147,0.000004,0.000002
0.000143,0.000004,0.000002
0.000195,0.000011,0.000002
1.000000,1.000000
0.000398,0.000005,0.000002
0.000291,0.000004,0.000002
0.000307,0.000007,0.000003
0.000290,0.000004,0.000002
0.000322,0.000009,0.000002
0.000281,0.000004,0.000002
0.000279,0.000004,0.000002
0.000332,0.000006,0.000002
0.000287,0.000004,0.000002
0.000282,0.000004,0.000002
1.000000,1.333333
0.000248,0.000005,0.000002
0.000153,0.000004,0.000002
0.000143,0.000004,0.000002
0.000162,0.000004,0.000002
0.000138,0.000004,0.000002
0.000137,0.000004,0.000002
0.000138,0.000004,0.000002
0.000148,0.000005,0.000002
0.000149,0.000004,0.000002
0.000143,0.000004,0.000002
1.000000,2.000000
0.000423,0.000005,0.000002
0.000337,0.000007,0.000002
0.000309,0.000005,0.000002
0.000336,0.000006,0.000002
0.000304,0.000004,0.000002
0.000301,0.000004,0.000002
0.000350,0.000011,0.000002
0.000298,0.000004,0.000002
0.000331,0.000008,0.000002
0.000298,0.000005,0.000002
1.000000,1.333333
0.000409,0.000005,0.000002
0.000358,0.000008,0.000003
0.000291,0.000005,0.000002
0.000322,0.000005,0.000003
0.000292,0.000005,0.000002
0.000288,0.000004,0.000002
0.000321,0.000005,0.000002
0.000279,0.000004,0.000002
0.000274,0.000006,0.000003
0.000292,0.000004,0.000002
1.000000,1.333333
