0.245208,0.000016,0.000002
0.223086,0.000006,0.000002
0.232575,0.000019,0.000001
0.242814,0.000007,0.000002
0.237444,0.000006,0.000002
0.237636,0.000017,0.000002
0.243002,0.000006,0.000002
0.237545,0.000008,0.000002
0.237624,0.000006,0.000002
0.237614,0.000006,0.000002
1.142857,1.714286
2.977511,0.000006,0.000002
3.152973,0.000006,0.000002
3.037015,0.000008,0.000002
3.311311,0.000008,0.000002
3.104821,0.000040,0.000002
3.356044,0.000006,0.000002
3.175103,0.000024,0.000002
3.403519,0.000006,0.000002
3.205492,0.000006,0.000002
3.444720,0.000020,0.000002
1.125000,1.750000
2.509979,0.000007,0.000002
2.700309,0.000006,0.000002
2.526981,0.000006,0.000002
2.603542,0.000020,0.000002
2.687784,0.000017,0.000005
2.570046,0.000006,0.000002
2.743305,0.000006,0.000002
2.577232,0.000007,0.000002
2.750570,0.000006,0.000002
2.586013,0.000020,0.000005
1.000000,1.250000
2.960650,0.000006,0.000002
2.787209,0.000017,0.000005
2.965272,0.000018,0.000005
2.802349,0.000006,0.000002
2.824421,0.000034,0.000004
3.007153,0.000016,0.000005
2.937844,0.000006,0.000002
2.826605,0.000006,0.000002
2.998119,0.000006,0.000002
2.978123,0.000018,0.000005
1.000000,1.500000
2.150835,0.000008,0.000002
2.144446,0.000018,0.000002
2.313351,0.000018,0.000001
2.161583,0.000006,0.000002
2.295769,0.000018,0.000005
2.187156,0.000006,0.000001
2.193518,0.000029,0.000004
2.335932,0.000006,0.000002
2.191670,0.000006,0.000002
2.329818,0.000008,0.000001
1.000000,1.500000
0.249829,0.000015,0.000002
0.280847,0.000022,0.000002
0.246655,0.000006,0.000001
0.273481,0.000007,0.000001
0.251912,0.000006,0.000002
0.270920,0.000006,0.000001
0.251815,0.000021,0.000004
0.272363,0.000006,0.000002
0.249457,0.000020,0.000004
0.271210,0.000015,0.000001
1.000000,1.714286
0.334803,0.000006,0.000001
0.345844,0.000005,0.000002
0.369217,0.000020,0.000002
0.338991,0.000005,0.000002
0.368340,0.000027,0.000002
0.341044,0.000005,0.000001
0.365863,0.000006,0.000001
0.341563,0.000017,0.000004
0.363855,0.000006,0.000001
0.339415,0.000007,0.000001
1.000000,1.428571
0.029264,0.000007,0.000002
0.042269,0.000020,0.000002
0.049764,0.000021,0.000004
0.037646,0.000006,0.000001
0.051054,0.000016,0.000005
0.031943,0.000006,0.000001
0.055334,0.000016,0.000004
0.026959,0.000006,0.000001
0.040420,0.000018,0.000004
0.032746,0.000008,0.000002
1.000000,2.000000
2.581871,0.000016,0.000003
2.483892,0.000006,0.000002
2.659105,0.000006,0.000001
2.502067,0.000006,0.000001
2.666937,0.000006,0.000005
2.508855,0.000034,0.000002
2.670740,0.000023,0.000001
2.514586,0.000023,0.000001
2.675926,0.000008,0.000001
2.516742,0.000006,0.000002
1.000000,1.500000
0.253233,0.000007,0.000002
0.242587,0.000006,0.000001
0.256986,0.000006,0.000001
0.231749,0.000023,0.000004
0.249649,0.000020,0.000001
0.233338,0.000007,0.000001
0.249041,0.000005,0.000001
0.240339,0.000021,0.000002
0.253792,0.000028,0.000005
0.230545,0.000008,0.000001
1.000000,1.428571
