0.170222,0.000005,0.000001
0.175127,0.000005,0.000001
0.184477,0.000005,0.000001
0.174898,0.000006,0.000001
0.184656,0.000006,0.000001
0.174973,0.000006,0.000004
0.180021,0.000005,0.000001
0.179404,0.000005,0.000001
0.179979,0.000006,0.000001
0.179267,0.000006,0.000002
1.142857,1.428571
0.016102,0.000007,0.000001
0.018141,0.000014,0.000002
0.018183,0.000007,0.000002
0.017950,0.000014,0.000002
0.017913,0.000006,0.000002
0.021661,0.000027,0.000002
0.033631,0.000010,0.000003
0.043886,0.000015,0.000004
0.016935,0.000014,0.000004
0.014956,0.000006,0.000001
1.000000,1.333333
0.034205,0.000010,0.000003
0.021762,0.000021,0.000001
0.040939,0.000015,0.000004
0.027275,0.000014,0.000002
0.054927,0.000017,0.000004
0.021415,0.000005,0.000001
0.041583,0.000007,0.000001
0.021389,0.000006,0.000001
0.021461,0.000006,0.000001
0.041322,0.000032,0.000001
1.000000,1.666667
0.153519,0.000009,0.000001
0.168308,0.000006,0.000001
0.153444,0.000005,0.000002
0.153344,0.000006,0.000001
0.168025,0.000006,0.000001
0.153335,0.000005,0.000001
0.153298,0.000005,0.000001
0.153203,0.000006,0.000001
0.168060,0.000005,0.000001
0.153387,0.000005,0.000001
1.000000,1.428571
0.018095,0.000018,0.000001
0.028960,0.000005,0.000001
0.035111,0.000031,0.000003
0.019098,0.000061,0.000003
0.022829,0.000005,0.000001
0.042794,0.000039,0.000003
0.042218,0.000015,0.000004
0.017906,0.000005,0.000001
0.037781,0.000005,0.000001
0.017919,0.000016,0.000001
1.000000,2.000000
0.052310,0.000006,0.000001
0.047175,0.000005,0.000001
0.032208,0.000005,0.000001
0.032277,0.000005,0.000001
0.042042,0.000005,0.000001
0.056825,0.000010,0.000002
0.046983,0.000006,0.000001
0.032287,0.000005,0.000001
0.050401,0.000005,0.000001
0.033991,0.000023,0.000004
1.000000,1.666667
0.014394,0.000004,0.000001
0.018365,0.000006,0.000001
0.031367,0.000019,0.000002
0.041765,0.000015,0.000004
0.039195,0.000015,0.000004
0.014174,0.000005,0.000001
0.014549,0.000017,0.000001
0.027738,0.000019,0.000003
0.015094,0.000011,0.000002
0.014178,0.000026,0.000001
1.000000,1.333333
1.421333,0.000015,0.000003
1.410623,0.000015,0.000002
1.408018,0.000006,0.000001
1.409466,0.000019,0.000001
1.430145,0.000006,0.000001
1.407154,0.000006,0.000001
1.430361,0.000006,0.000001
1.405584,0.000021,0.000001
1.410603,0.000027,0.000001
1.421372,0.000005,0.000001
1.000000,1.250000
0.194755,0.000006,0.000002
0.199439,0.000005,0.000001
0.214494,0.000006,0.000001
0.203978,0.000005,0.000001
0.209322,0.000005,0.000001
0.209141,0.000019,0.000001
0.208937,0.000006,0.000001
0.209146,0.000006,0.000001
0.209140,0.000005,0.000001
0.208787,0.000005,0.000001
1.000000,1.428571
0.014723,0.000008,0.000002
0.025312,0.000005,0.000001
0.028369,0.000011,0.000003
0.037770,0.000010,0.000003
0.015579,0.000016,0.000004
0.014411,0.000005,0.000001
0.027032,0.000005,0.000001
0.016450,0.000010,0.000003
0.014451,0.000005,0.000001
0.019927,0.000005,0.000001
1.000000,2.000000
