0.000276,0.000006,0.000002
0.000250,0.000008,0.000003
0.000169,0.000005,0.000002
0.000162,0.000005,0.000002
0.000160,0.000005,0.000002
0.000186,0.000006,0.000003
0.000163,0.000005,0.000002
0.000159,0.000008,0.000002
0.000158,0.000005,0.000002
0.000177,0.000006,0.000002
1.000000,2.000000
0.000473,0.000006,0.000023
0.000337,0.000006,0.000003
0.000302,0.000005,0.000002
0.000379,0.000006,0.000002
0.000299,0.000005,0.000002
0.000298,0.000029,0.000003
0.000298,0.000005,0.000002
0.000292,0.000005,0.000002
0.000412,0.000037,0.000002
0.000315,0.000005,0.000002
1.000000,2.000000
0.000463,0.000006,0.000002
0.000375,0.000005,0.000002
0.000349,0.000005,0.000002
0.000393,0.000006,0.000003
0.000346,0.000005,0.000002
0.000334,0.000005,0.000004
0.000347,0.000005,0.000002
0.000341,0.000005,0.000002
0.000407,0.000008,0.000002
0.000343,0.000005,0.000002
1.000000,1.333333
0.000444,0.000006,0.000002
0.000437,0.000007,0.000003
0.000340,0.000005,0.000002
0.000381,0.000008,0.000003
0.000329,0.000008,0.000002
0.000323,0.000007,0.000002
0.000328,0.000005,0.000002
0.000318,0.000005,0.000002
0.000373,0.000006,0.000002
0.000336,0.000005,0.000002
1.000000,1.333333
0.000488,0.000008,0.000003
0.000384,0.000005,0.000002
0.000373,0.000006,0.000003
0.000347,0.000005,0.000002
0.000355,0.000007,0.000003
0.000336,0.000005,0.000002
0.000343,0.000005,0.000002
0.000351,0.000007,0.000003
0.000333,0.000005,0.000002
0.000391,0.000006,0.000002
1.000000,1.333333
0.000468,0.000006,0.000002
0.000377,0.000005,0.000002
0.000350,0.000005,0.000002
0.000363,0.000006,0.000003
0.000350,0.000005,0.000002
0.000338,0.000005,0.000002
0.000349,0.000005,0.000002
0.000334,0.000005,0.000002
0.000380,0.000006,0.000002
0.000350,0.000005,0.000002
1.000000,1.333333
0.000474,0.000006,0.000002
0.000422,0.000006,0.000003
0.000355,0.000005,0.000002
0.000382,0.000006,0.000002
0.000356,0.000005,0.000002
0.000392,0.000006,0.000002
0.000346,0.000005,0.000002
0.000342,0.000005,0.000002
0.000355,0.000005,0.000002
0.000348,0.000005,0.000002
1.000000,1.333333
0.000549,0.000011,0.000003
0.000348,0.000006,0.000002
0.000372,0.000006,0.000002
0.000339,0.000005,0.000002
0.000336,0.000005,0.000002
0.000361,0.000006,0.000002
0.000330,0.000005,0.000002
0.000368,0.000009,0.000002
0.000332,0.000005,0.000002
0.000329,0.000006,0.000003
1.000000,1.333333
0.000267,0.000007,0.000002
0.000179,0.000005,0.000002
0.000164,0.000005,0.000002
0.000165,0.000005,0.000002
0.000220,0.000006,0.000002
0.000171,0.000005,0.000002
0.000161,0.000005,0.000002
0.000161,0.000005,0.000002
0.000202,0.000006,0.000002
0.000167,0.000005,0.000002
1.000000,1.000000
0.000534,0.000007,0.000003
0.000301,0.000005,0.000002
0.000293,0.000005,0.000002
0.000387,0.000013,0.000002
0.000295,0.000005,0.000002
0.000357,0.000018,0.000002
0.000288,0.000005,0.000002
0.000284,0.000005,0.000002
0.000355,0.000009,0.000003
0.000295,0.000005,0.000002
1.000000,1.333333
