148.901117,0.000009,0.000002
145.708780,0.000024,0.000005
148.595920,0.000011,0.000005
152.646323,0.000021,0.000005
143.301738,0.000021,0.000005
147.953323,0.000023,0.000005
147.559175,0.000032,0.000005
152.106508,0.000024,0.000005
145.403857,0.000007,0.000002
145.920853,0.000021,0.000005
1.000000,1.400000
50.626086,0.000023,0.000006
48.457052,0.000009,0.000002
49.525170,0.000062,0.000005
51.414737,0.000007,0.000002
49.019018,0.000008,0.000002
49.557692,0.000027,0.000005
49.695569,0.000030,0.000002
50.463615,0.000021,0.000002
50.860225,0.000025,0.000005
48.019137,0.000009,0.000002
1.111111,1.333333
29.428846,0.000022,0.000005
29.462796,0.000007,0.000002
29.258572,0.000025,0.000005
30.184508,0.000024,0.000006
28.705033,0.000007,0.000002
29.549633,0.000007,0.000002
27.881324,0.000007,0.000002
30.046641,0.000021,0.000002
28.756055,0.000007,0.000002
28.989166,0.000007,0.000002
1.000000,1.333333
21.682277,0.000012,0.000003
20.692205,0.000007,0.000002
21.607297,0.000007,0.000002
20.605614,0.000006,0.000002
21.570215,0.000007,0.000002
20.617882,0.000007,0.000002
21.538548,0.000007,0.000002
20.576187,0.000008,0.000002
21.610087,0.000008,0.000002
20.654282,0.000007,0.000002
1.000000,1.333333
41.933899,0.000009,0.000002
43.404648,0.000038,0.000002
41.746194,0.000082,0.000005
43.323420,0.000007,0.000002
41.739523,0.000015,0.000002
43.061558,0.000021,0.000005
41.863938,0.000007,0.000005
43.381238,0.000022,0.000001
42.797510,0.000026,0.000002
41.900965,0.000007,0.000002
1.000000,1.555556
0.302366,0.000007,0.000002
0.315180,0.000024,0.000005
0.297930,0.000007,0.000002
0.315555,0.000007,0.000002
0.288079,0.000008,0.000002
0.304697,0.000007,0.000002
0.287457,0.000020,0.000005
0.314113,0.000007,0.000002
0.286089,0.000008,0.000002
0.308182,0.000040,0.000005
1.000000,1.428571
2.723675,0.000012,0.000004
2.568479,0.000008,0.000002
2.731040,0.000008,0.000002
2.564362,0.000009,0.000002
2.735082,0.000028,0.000002
2.560772,0.000007,0.000002
2.725123,0.000008,0.000002
2.561886,0.000007,0.000002
2.729513,0.000007,0.000002
2.563957,0.000007,0.000002
1.000000,1.500000
4.635537,0.000007,0.000002
4.369806,0.000030,0.000006
4.629792,0.000007,0.000002
4.373621,0.000007,0.000002
4.624397,0.000007,0.000002
4.380672,0.000007,0.000002
4.630155,0.000033,0.000005
4.371423,0.000007,0.000002
4.632196,0.000024,0.000002
4.375266,0.000019,0.000002
1.000000,1.500000
3.261080,0.000024,0.000008
3.448216,0.000025,0.000002
3.234002,0.000007,0.000002
3.429477,0.000007,0.000002
3.224873,0.000007,0.000002
3.428471,0.000030,0.000002
3.236139,0.000021,0.000002
3.424264,0.000007,0.000002
3.236258,0.000027,0.000009
3.432537,0.000007,0.000002
1.000000,1.500000
26.089216,0.000007,0.000002
26.485993,0.000008,0.000002
27.168840,0.000047,0.000004
26.079854,0.000026,0.000005
26.743557,0.000007,0.000002
27.103004,0.000008,0.000002
27.300663,0.000036,0.000006
25.993408,0.000007,0.000002
27.133328,0.000015,0.000002
25.952019,0.000007,0.000002
1.000000,1.333333
