0.038419,0.000011,0.000003
0.037967,0.000012,0.000003
0.013685,0.000011,0.000003
0.012911,0.000004,0.000001
0.030524,0.000004,0.000001
0.015433,0.000014,0.000003
0.013011,0.000013,0.000001
0.028718,0.000004,0.000001
0.036680,0.000011,0.000003
0.013010,0.000008,0.000001
1.000000,1.333333
0.001816,0.000004,0.000001
0.001649,0.000004,0.000001
0.001733,0.000014,0.000001
0.001648,0.000004,0.000001
0.001655,0.000003,0.000001
0.001641,0.000004,0.000001
0.002261,0.000010,0.000001
0.004844,0.000011,0.000004
0.005022,0.000010,0.000003
0.005023,0.000011,0.000003
1.000000,2.000000
0.004623,0.000009,0.000003
0.004320,0.000010,0.000003
0.004239,0.000011,0.000003
0.004394,0.000011,0.000003
0.004323,0.000010,0.000003
0.004261,0.000010,0.000003
0.004372,0.000013,0.000003
0.004375,0.000020,0.000003
0.004432,0.000012,0.000003
0.004250,0.000011,0.000003
1.000000,1.600000
0.005814,0.000012,0.000003
0.005437,0.000011,0.000003
0.005413,0.000014,0.000003
0.005363,0.000012,0.000003
0.005544,0.000014,0.000003
0.005337,0.000011,0.000003
0.005393,0.000011,0.000003
0.005429,0.000010,0.000003
0.005486,0.000011,0.000003
0.005443,0.000011,0.000003
1.000000,1.600000
0.004955,0.000015,0.000004
0.004647,0.000011,0.000003
0.004883,0.000013,0.000003
0.004773,0.000014,0.000003
0.004606,0.000013,0.000003
0.004597,0.000010,0.000003
0.004733,0.000011,0.000004
0.004641,0.000011,0.000003
0.004590,0.000010,0.000003
0.004610,0.000015,0.000003
1.000000,1.600000
0.005070,0.000013,0.000004
0.004811,0.000009,0.000003
0.004833,0.000011,0.000003
0.004805,0.000010,0.000004
0.004852,0.000011,0.000003
0.004789,0.000010,0.000003
0.004846,0.000011,0.000003
0.004821,0.000011,0.000003
0.004822,0.000011,0.000003
0.004795,0.000012,0.000003
1.000000,1.600000
0.005841,0.000017,0.000003
0.005676,0.000038,0.000004
0.005624,0.000058,0.000003
0.005575,0.000011,0.000003
0.005550,0.000014,0.000003
0.005587,0.000011,0.000003
0.005548,0.000010,0.000003
0.005616,0.000010,0.000003
0.005455,0.000014,0.000004
0.005613,0.000010,0.000003
1.000000,1.200000
0.010589,0.000015,0.000003
0.010274,0.000011,0.000004
0.010354,0.000013,0.000004
0.010151,0.000011,0.000003
0.010094,0.000011,0.000003
0.010270,0.000010,0.000003
0.010082,0.000012,0.000003
0.010087,0.000011,0.000003
0.010107,0.000011,0.000003
0.010215,0.000015,0.000003
1.000000,1.600000
0.006109,0.000011,0.000003
0.005997,0.000011,0.000003
0.005847,0.000010,0.000003
0.005819,0.000011,0.000003
0.005860,0.000010,0.000003
0.005819,0.000011,0.000003
0.005844,0.000010,0.000003
0.005817,0.000010,0.000003
0.005982,0.000010,0.000003
0.005839,0.000014,0.000003
1.000000,1.600000
0.006313,0.000013,0.000003
0.006256,0.000015,0.000003
0.006064,0.000011,0.000003
0.006203,0.000012,0.000003
0.006229,0.000013,0.000003
0.006164,0.000011,0.000003
0.006084,0.000012,0.000004
0.006202,0.000011,0.000003
0.006076,0.000012,0.000003
0.006107,0.000016,0.000004
1.000000,1.600000
