0.000241,0.000004,0.000002
0.000132,0.000004,0.000002
0.000126,0.000004,0.000002
0.000194,0.000009,0.000002
0.000134,0.000004,0.000002
0.000127,0.000004,0.000002
0.000123,0.000004,0.000002
0.000158,0.000008,0.000002
0.000135,0.000004,0.000002
0.000122,0.000004,0.000002
1.000000,1.000000
0.000228,0.000004,0.000002
0.000132,0.000004,0.000002
0.000124,0.000004,0.000002
0.000172,0.000007,0.000002
0.000128,0.000004,0.000002
0.000123,0.000004,0.000002
0.000123,0.000004,0.000002
0.000120,0.000004,0.000003
0.000135,0.000004,0.000002
0.000123,0.000004,0.000002
1.000000,2.000000
0.000227,0.000004,0.000002
0.000132,0.000004,0.000002
0.000123,0.000004,0.000002
0.000124,0.000004,0.000002
0.000120,0.000004,0.000002
0.000120,0.000004,0.000002
0.000117,0.000004,0.000002
0.000117,0.000005,0.000003
0.000132,0.000004,0.000002
0.000121,0.000004,0.000002
1.000000,2.000000
0.000228,0.000004,0.000002
0.000128,0.000004,0.000002
0.000124,0.000004,0.000002
0.000121,0.000020,0.000002
0.000130,0.000004,0.000002
0.000122,0.000004,0.000002
0.000122,0.000004,0.000002
0.000118,0.000004,0.000002
0.000152,0.000005,0.000002
0.000129,0.000004,0.000002
1.000000,1.000000
0.000226,0.000004,0.000002
0.000141,0.000004,0.000002
0.000128,0.000004,0.000002
0.000165,0.000004,0.000003
0.000132,0.000004,0.000002
0.000128,0.000004,0.000002
0.000127,0.000004,0.000002
0.000164,0.000006,0.000002
0.000134,0.000004,0.000002
0.000122,0.000004,0.000002
1.000000,1.000000
0.000224,0.000004,0.000002
0.000128,0.000004,0.000002
0.000156,0.000005,0.000002
0.000129,0.000004,0.000002
0.000121,0.000004,0.000002
0.000122,0.000004,0.000002
0.000117,0.000004,0.000002
0.000171,0.000007,0.000002
0.000129,0.000004,0.000002
0.000123,0.000004,0.000002
1.000000,1.000000
0.000231,0.000004,0.000002
0.000131,0.000005,0.000002
0.000133,0.000004,0.000002
0.000125,0.000004,0.000002
0.000127,0.000004,0.000002
0.000122,0.000004,0.000002
0.000156,0.000010,0.000002
0.000132,0.000004,0.000002
0.000123,0.000004,0.000002
0.000121,0.000004,0.000002
1.000000,1.000000
0.000224,0.000005,0.000003
0.000137,0.000004,0.000002
0.000126,0.000004,0.000002
0.000125,0.000004,0.000002
0.000123,0.000004,0.000002
0.000199,0.000004,0.000003
0.000131,0.000004,0.000002
0.000121,0.000004,0.000002
0.000120,0.000004,0.000002
0.000117,0.000004,0.000002
1.000000,2.000000
0.000228,0.000004,0.000002
0.000132,0.000004,0.000002
0.000127,0.000004,0.000002
0.000150,0.000005,0.000002
0.000136,0.000004,0.000002
0.000131,0.000004,0.000002
0.000120,0.000004,0.000002
0.000120,0.000005,0.000002
0.000129,0.000004,0.000002
0.000121,0.000004,0.000002
1.000000,2.000000
0.000229,0.000004,0.000002
0.000129,0.000004,0.000002
0.000199,0.000004,0.000002
0.000135,0.000004,0.000002
0.000128,0.000004,0.000002
0.000124,0.000004,0.000002
0.000168,0.000005,0.000002
0.000130,0.000004,0.000002
0.000123,0.000004,0.000002
0.000123,0.000004,0.000002
1.000000,2.000000
