0.176445,0.000008,0.000002
0.186847,0.000008,0.000002
0.176186,0.000007,0.000002
0.190919,0.000021,0.000002
0.189442,0.000108,0.000002
0.176325,0.000023,0.000001
0.189658,0.000022,0.000004
0.176141,0.000006,0.000002
0.184378,0.000007,0.000001
0.175118,0.000008,0.000002
1.000000,1.428571
4.080302,0.000024,0.000002
4.315594,0.000007,0.000002
4.064485,0.000006,0.000002
4.305366,0.000066,0.000002
4.064594,0.000007,0.000002
4.299976,0.000007,0.000002
4.071547,0.000018,0.000002
4.318614,0.000007,0.000002
4.070881,0.000007,0.000005
4.319551,0.000020,0.000002
1.125000,1.250000
0.218922,0.000021,0.000005
0.249151,0.000007,0.000002
0.219582,0.000041,0.000001
0.238605,0.000021,0.000002
0.217829,0.000037,0.000002
0.239372,0.000006,0.000004
0.218583,0.000006,0.000002
0.238748,0.000007,0.000002
0.219843,0.000006,0.000002
0.237190,0.000007,0.000002
1.000000,1.428571
0.930248,0.000025,0.000002
0.872509,0.000006,0.000002
0.940072,0.000006,0.000002
0.875007,0.000020,0.000005
0.936141,0.000018,0.000005
0.881057,0.000006,0.000002
0.933753,0.000030,0.000002
0.873083,0.000018,0.000005
0.941403,0.000031,0.000002
0.874590,0.000006,0.000002
1.000000,1.428571
25.752873,0.000007,0.000002
25.594527,0.000037,0.000002
26.743983,0.000009,0.000002
24.832854,0.000007,0.000002
25.948512,0.000022,0.000005
26.345561,0.000021,0.000005
27.320920,0.000029,0.000005
26.103746,0.000007,0.000002
27.212833,0.000033,0.000002
26.068357,0.000035,0.000006
1.000000,1.555556
5.036549,0.000029,0.000005
5.256347,0.000021,0.000005
4.961500,0.000029,0.000004
5.240971,0.000007,0.000002
4.948089,0.000020,0.000005
5.224245,0.000018,0.000002
4.947294,0.000041,0.000005
4.917240,0.000021,0.000002
5.226949,0.000006,0.000005
4.929445,0.000006,0.000002
1.000000,1.750000
4.505658,0.000011,0.000004
4.727049,0.000007,0.000002
4.455914,0.000006,0.000002
4.713786,0.000007,0.000002
4.460874,0.000006,0.000002
4.722285,0.000006,0.000002
4.466752,0.000006,0.000002
4.704621,0.000020,0.000002
4.461180,0.000008,0.000002
4.711878,0.000007,0.000002
1.125000,1.500000
2.273082,0.000009,0.000002
2.403718,0.000009,0.000002
2.268977,0.000022,0.000005
2.414004,0.000006,0.000002
2.264272,0.000044,0.000002
2.409342,0.000021,0.000005
2.278352,0.000022,0.000002
2.415257,0.000006,0.000002
2.265631,0.000008,0.000002
2.417271,0.000007,0.000002
1.000000,1.500000
2.814606,0.000008,0.000002
2.960985,0.000024,0.000005
3.135671,0.000007,0.000002
2.929903,0.000007,0.000002
3.132201,0.000007,0.000002
2.936565,0.000027,0.000002
3.130112,0.000007,0.000002
2.931967,0.000040,0.000002
3.137667,0.000039,0.000002
2.955324,0.000026,0.000002
1.000000,1.250000
3.109983,0.000007,0.000002
3.280230,0.000017,0.000005
3.069762,0.000008,0.000002
3.280258,0.000008,0.000002
3.080495,0.000007,0.000002
3.268527,0.000007,0.000002
3.064915,0.000023,0.000005
3.268781,0.000018,0.000002
3.068261,0.000025,0.000002
3.266756,0.000007,0.000002
1.125000,1.500000
