0.001547,0.000073,0.000004
0.001319,0.000010,0.000003
0.001240,0.000010,0.000003
0.001225,0.000031,0.000003
0.001267,0.000012,0.000003
0.001336,0.000012,0.000003
0.001282,0.000012,0.000003
0.001244,0.000011,0.000003
0.001258,0.000016,0.000003
0.001211,0.000009,0.000003
1.000000,2.000000
0.001478,0.000011,0.000003
0.001161,0.000010,0.000003
0.001135,0.000009,0.000003
0.001188,0.000009,0.000003
0.001218,0.000010,0.000003
0.001155,0.000009,0.000003
0.001139,0.000011,0.000003
0.001151,0.000010,0.000003
0.001170,0.000011,0.000003
0.001171,0.000009,0.000003
1.000000,1.500000
0.002568,0.000012,0.000003
0.002304,0.000010,0.000003
0.002230,0.000010,0.000003
0.002253,0.000010,0.000003
0.002360,0.000021,0.000003
0.002254,0.000010,0.000003
0.002244,0.000019,0.000003
0.002390,0.000010,0.000003
0.002296,0.000011,0.000003
0.002387,0.000013,0.000003
1.250000,2.000000
0.008956,0.000012,0.000003
0.008686,0.000010,0.000003
0.008704,0.000012,0.000003
0.008700,0.000017,0.000003
0.008689,0.000010,0.000003
0.008556,0.000012,0.000003
0.008552,0.000013,0.000003
0.008807,0.000011,0.000003
0.008553,0.000009,0.000003
0.008656,0.000010,0.000003
1.000000,1.600000
0.001345,0.000009,0.000003
0.001251,0.000009,0.000003
0.001437,0.000050,0.000003
0.001120,0.000009,0.000003
0.001186,0.000010,0.000003
0.001190,0.000017,0.000004
0.001133,0.000011,0.000003
0.001112,0.000012,0.000003
0.001146,0.000024,0.000003
0.001096,0.000019,0.000003
1.000000,1.500000
0.004904,0.000012,0.000003
0.004885,0.000010,0.000003
0.004966,0.000009,0.000003
0.004849,0.000011,0.000003
0.004677,0.000010,0.000004
0.004799,0.000010,0.000003
0.004847,0.000010,0.000003
0.004824,0.000012,0.000003
0.004780,0.000010,0.000003
0.004823,0.000010,0.000003
1.000000,1.600000
0.002427,0.000015,0.000003
0.002161,0.000016,0.000003
0.002181,0.000010,0.000003
0.002111,0.000009,0.000003
0.002109,0.000013,0.000003
0.002089,0.000011,0.000003
0.002098,0.000014,0.000003
0.002187,0.000012,0.000003
0.002118,0.000009,0.000003
0.002254,0.000014,0.000003
1.250000,2.000000
0.005100,0.000014,0.000003
0.005022,0.000010,0.000003
0.004878,0.000010,0.000003
0.004866,0.000009,0.000003
0.004886,0.000009,0.000003
0.004826,0.000010,0.000003
0.004873,0.000010,0.000003
0.005053,0.000013,0.000003
0.004860,0.000010,0.000003
0.004860,0.000009,0.000003
1.000000,1.200000
0.001399,0.000021,0.000003
0.001253,0.000055,0.000006
0.001225,0.000014,0.000003
0.001193,0.000012,0.000003
0.001196,0.000013,0.000003
0.001173,0.000010,0.000003
0.001239,0.000059,0.000003
0.001147,0.000010,0.000003
0.001142,0.000010,0.000003
0.001224,0.000009,0.000003
1.000000,2.000000
0.006799,0.000012,0.000003
0.006502,0.000010,0.000003
0.006485,0.000016,0.000003
0.006498,0.000010,0.000003
0.006422,0.000012,0.000003
0.006427,0.000010,0.000003
0.006388,0.000010,0.000003
0.006493,0.000010,0.000003
0.006557,0.000018,0.000003
0.006519,0.000011,0.000004
1.200000,1.600000
