0.000520,0.000006,0.000002
0.000437,0.000009,0.000002
0.000341,0.000006,0.000002
0.000377,0.000013,0.000002
0.000341,0.000006,0.000002
0.000374,0.000007,0.000003
0.000343,0.000006,0.000002
0.000420,0.000043,0.000003
0.000336,0.000006,0.000002
0.000336,0.000006,0.000002
1.000000,2.000000
0.000626,0.000011,0.000003
0.000385,0.000007,0.000002
0.000388,0.000007,0.000003
0.000374,0.000006,0.000002
0.000401,0.000008,0.000003
0.000363,0.000006,0.000002
0.000378,0.000006,0.000022
0.000375,0.000006,0.000002
0.000367,0.000006,0.000002
0.000482,0.000009,0.000003
1.333333,1.333333
0.001179,0.000010,0.000003
0.000925,0.000008,0.000003
0.000864,0.000008,0.000003
0.000858,0.000011,0.000003
0.000847,0.000007,0.000002
0.000901,0.000011,0.000003
0.000916,0.000015,0.000005
0.000876,0.000009,0.000003
0.000845,0.000007,0.000003
0.000828,0.000006,0.000002
1.000000,1.500000
0.001271,0.000018,0.000003
0.001089,0.000008,0.000003
0.001119,0.000010,0.000003
0.001066,0.000010,0.000002
0.001206,0.000010,0.000003
0.001051,0.000016,0.000004
0.001051,0.000007,0.000003
0.001030,0.000008,0.000003
0.001032,0.000008,0.000003
0.001030,0.000008,0.000002
1.000000,1.500000
0.001301,0.000009,0.000003
0.001069,0.000009,0.000003
0.001039,0.000008,0.000003
0.001030,0.000007,0.000003
0.001023,0.000011,0.000003
0.001035,0.000009,0.000003
0.000987,0.000007,0.000003
0.001045,0.000008,0.000003
0.001036,0.000008,0.000003
0.001091,0.000011,0.000003
1.000000,1.500000
0.000496,0.000006,0.000002
0.000479,0.000007,0.000003
0.000395,0.000006,0.000002
0.000431,0.000013,0.000003
0.000381,0.000006,0.000002
0.000417,0.000009,0.000003
0.000386,0.000006,0.000002
0.000411,0.000009,0.000002
0.000373,0.000006,0.000002
0.000389,0.000008,0.000004
1.000000,2.000000
0.001211,0.000022,0.000003
0.000970,0.000008,0.000003
0.000963,0.000007,0.000002
0.000965,0.000008,0.000002
0.000967,0.000008,0.000003
0.001023,0.000008,0.000002
0.000999,0.000007,0.000003
0.000968,0.000007,0.000002
0.001000,0.000007,0.000003
0.000960,0.000006,0.000002
1.000000,1.500000
0.000615,0.000006,0.000003
0.000355,0.000006,0.000003
0.000332,0.000006,0.000002
0.000329,0.000006,0.000002
0.000401,0.000008,0.000002
0.000339,0.000006,0.000002
0.000372,0.000007,0.000002
0.000328,0.000006,0.000002
0.000323,0.000006,0.000004
0.000330,0.000006,0.000002
1.000000,2.000000
0.000588,0.000010,0.000003
0.000365,0.000006,0.000002
0.000394,0.000008,0.000003
0.000358,0.000006,0.000002
0.000351,0.000025,0.000003
0.000353,0.000006,0.000002
0.000349,0.000006,0.000002
0.000380,0.000010,0.000004
0.000356,0.000006,0.000002
0.000447,0.000012,0.000002
1.000000,2.000000
0.000558,0.000007,0.000002
0.000541,0.000011,0.000003
0.000429,0.000008,0.000003
0.000426,0.000006,0.000002
0.000445,0.000007,0.000002
0.000434,0.000006,0.000002
0.000465,0.000010,0.000003
0.000422,0.000006,0.000002
0.000465,0.000010,0.000002
0.000424,0.000006,0.000002
1.333333,1.333333
