0.007216,0.000016,0.000003
0.006813,0.000019,0.000003
0.006923,0.000014,0.000003
0.006913,0.000024,0.000004
0.006993,0.000022,0.000004
0.006985,0.000017,0.000004
0.007094,0.000014,0.000003
0.006987,0.000013,0.000003
0.006867,0.000013,0.000004
0.006887,0.000012,0.000003
1.000000,2.000000
0.032102,0.000019,0.000004
0.012232,0.000005,0.000001
0.012156,0.000004,0.000001
0.030402,0.000004,0.000001
0.013909,0.000015,0.000004
0.012169,0.000004,0.000001
0.024046,0.000019,0.000001
0.036042,0.000013,0.000003
0.035891,0.000012,0.000003
0.012253,0.000004,0.000001
1.000000,1.666667
0.013544,0.000013,0.000001
0.013290,0.000004,0.000004
0.013147,0.000005,0.000001
0.022851,0.000008,0.000001
0.033500,0.000008,0.000002
0.037247,0.000012,0.000003
0.013308,0.000054,0.000001
0.013156,0.000004,0.000001
0.023394,0.000011,0.000004
0.034134,0.000008,0.000002
1.000000,1.666667
0.015938,0.000015,0.000001
0.018329,0.000005,0.000001
0.027969,0.000019,0.000002
0.015798,0.000004,0.000001
0.020563,0.000004,0.000001
0.036420,0.000009,0.000002
0.044445,0.000012,0.000004
0.015738,0.000004,0.000001
0.021122,0.000004,0.000004
0.046150,0.000013,0.000003
1.000000,1.666667
0.000536,0.000004,0.000001
0.000498,0.000008,0.000001
0.000463,0.000003,0.000001
0.000459,0.000003,0.000001
0.000447,0.000003,0.000001
0.000449,0.000003,0.000001
0.000447,0.000003,0.000001
0.000451,0.000003,0.000001
0.000443,0.000003,0.000001
0.000456,0.000006,0.000001
1.000000,1.500000
0.001979,0.000009,0.000001
0.001893,0.000004,0.000001
0.001857,0.000004,0.000001
0.001898,0.000007,0.000001
0.001851,0.000004,0.000001
0.001875,0.000005,0.000001
0.001844,0.000005,0.000001
0.001866,0.000004,0.000001
0.001845,0.000004,0.000001
0.001843,0.000004,0.000001
1.000000,1.600000
0.030157,0.000009,0.000002
0.016963,0.000017,0.000001
0.023962,0.000006,0.000001
0.041741,0.000009,0.000002
0.019343,0.000017,0.000004
0.019607,0.000005,0.000001
0.028871,0.000029,0.000002
0.016832,0.000004,0.000001
0.024976,0.000005,0.000001
0.032858,0.000016,0.000002
1.166667,1.666667
0.004463,0.000011,0.000003
0.002589,0.000008,0.000002
0.002197,0.000004,0.000001
0.002160,0.000004,0.000001
0.002126,0.000004,0.000001
0.002170,0.000004,0.000001
0.002131,0.000005,0.000001
0.002146,0.000004,0.000001
0.002125,0.000004,0.000001
0.002131,0.000004,0.000001
1.000000,1.600000
0.042986,0.000015,0.000002
0.022917,0.000014,0.000001
0.042813,0.000004,0.000002
0.033318,0.000004,0.000001
0.052043,0.000012,0.000003
0.024898,0.000004,0.000001
0.040624,0.000014,0.000003
0.029477,0.000004,0.000001
0.044712,0.000016,0.000002
0.023641,0.000008,0.000002
1.000000,1.666667
0.003304,0.000007,0.000001
0.003170,0.000004,0.000002
0.003134,0.000020,0.000001
0.003190,0.000004,0.000001
0.003220,0.000005,0.000001
0.003127,0.000004,0.000001
0.003126,0.000004,0.000001
0.003123,0.000004,0.000001
0.003198,0.000023,0.000001
0.003202,0.000004,0.000001
1.200000,1.600000
