0.001367,0.000012,0.000003
0.001099,0.000008,0.000003
0.001100,0.000009,0.000003
0.001077,0.000012,0.000003
0.001089,0.000009,0.000003
0.001201,0.000008,0.000003
0.001094,0.000008,0.000003
0.001097,0.000011,0.000003
0.001095,0.000008,0.000005
0.001160,0.000010,0.000003
1.000000,1.500000
0.001511,0.000009,0.000003
0.001350,0.000013,0.000003
0.001290,0.000009,0.000003
0.001363,0.000011,0.000003
0.001313,0.000009,0.000004
0.001319,0.000009,0.000003
0.001449,0.000012,0.000004
0.001324,0.000009,0.000004
0.001343,0.000009,0.000003
0.001310,0.000010,0.000003
1.250000,2.000000
0.001184,0.000009,0.000003
0.001019,0.000018,0.000003
0.000987,0.000010,0.000003
0.001080,0.000008,0.000003
0.001002,0.000008,0.000003
0.000976,0.000012,0.000003
0.001003,0.000024,0.000003
0.001024,0.000011,0.000003
0.001007,0.000009,0.000003
0.000966,0.000008,0.000003
1.000000,1.500000
0.001318,0.000008,0.000004
0.001029,0.000009,0.000003
0.001110,0.000014,0.000003
0.001140,0.000019,0.000003
0.000990,0.000007,0.000002
0.001015,0.000008,0.000004
0.001043,0.000011,0.000003
0.001019,0.000012,0.000003
0.001063,0.000008,0.000003
0.001049,0.000013,0.000003
1.000000,1.500000
0.000693,0.000010,0.000003
0.000477,0.000008,0.000003
0.000410,0.000007,0.000002
0.000452,0.000008,0.000003
0.000411,0.000007,0.000002
0.000516,0.000066,0.000003
0.000404,0.000007,0.000002
0.000457,0.000016,0.000003
0.000403,0.000007,0.000002
0.000474,0.000014,0.000003
1.000000,2.000000
0.001376,0.000014,0.000003
0.001101,0.000009,0.000003
0.001183,0.000009,0.000003
0.001133,0.000009,0.000004
0.001149,0.000011,0.000003
0.001128,0.000009,0.000003
0.001159,0.000018,0.000003
0.001111,0.000011,0.000003
0.001116,0.000009,0.000003
0.001082,0.000008,0.000003
1.000000,1.500000
0.001872,0.000013,0.000003
0.001549,0.000009,0.000003
0.001611,0.000033,0.000003
0.001522,0.000009,0.000003
0.001667,0.000019,0.000003
0.001550,0.000010,0.000003
0.001538,0.000011,0.000003
0.001555,0.000009,0.000003
0.001572,0.000014,0.000003
0.001521,0.000008,0.000003
1.000000,1.500000
0.001335,0.000015,0.000004
0.001117,0.000009,0.000003
0.001068,0.000013,0.000003
0.001046,0.000016,0.000003
0.001030,0.000008,0.000003
0.001053,0.000009,0.000003
0.001031,0.000010,0.000003
0.001047,0.000009,0.000003
0.001064,0.000011,0.000003
0.001118,0.000018,0.000003
1.000000,1.000000
0.000593,0.000008,0.000003
0.000404,0.000007,0.000002
0.000474,0.000008,0.000003
0.000397,0.000007,0.000002
0.000420,0.000007,0.000003
0.000385,0.000007,0.000002
0.000446,0.000008,0.000003
0.000397,0.000007,0.000002
0.000450,0.000008,0.000002
0.000387,0.000007,0.000002
1.000000,2.000000
0.001520,0.000008,0.000003
0.001177,0.000008,0.000003
0.001222,0.000009,0.000003
0.001203,0.000009,0.000003
0.001205,0.000008,0.000003
0.001161,0.000008,0.000003
0.001222,0.000010,0.000002
0.001237,0.000013,0.000002
0.001274,0.000011,0.000003
0.001248,0.000051,0.000003
1.000000,1.000000
