0.000015,0.000002
0.000008,0.000002
0.000008,0.000002
0.000008,0.000002
0.000008,0.000002
0.000008,0.000002
0.000007,0.000002
0.000007,0.000002
0.000007,0.000002
0.000007,0.000002
1.500000
0.000015,0.000003
0.000008,0.000002
0.000008,0.000002
0.000010,0.000003
0.000008,0.000002
0.000007,0.000002
0.000008,0.000002
0.000007,0.000002
0.000007,0.000002
0.000008,0.000002
1.200000
0.000014,0.000003
0.000008,0.000002
0.000007,0.000002
0.000007,0.000002
0.000007,0.000002
0.000007,0.000002
0.000007,0.000002
0.000007,0.000002
0.000010,0.000003
0.000007,0.000002
1.500000
0.000015,0.000003
0.000008,0.000002
0.000008,0.000002
0.000007,0.000002
0.000008,0.000002
0.000008,0.000002
0.000007,0.000002
0.000008,0.000002
0.000007,0.000002
0.000007,0.000002
1.600000
0.000015,0.000003
0.000008,0.000002
0.000008,0.000002
0.000008,0.000002
0.000008,0.000002
0.000008,0.000002
0.000011,0.000002
0.000008,0.000002
0.000008,0.000002
0.000008,0.000002
1.333333
0.000014,0.000003
0.000008,0.000002
0.000007,0.000003
0.000008,0.000002
0.000007,0.000002
0.000008,0.000002
0.000007,0.000002
0.000007,0.000002
0.000007,0.000002
0.000007,0.000002
2.000000
0.000015,0.000003
0.000008,0.000002
0.000008,0.000002
0.000008,0.000006
0.000008,0.000002
0.000008,0.000002
0.000008,0.000002
0.000008,0.000002
0.000008,0.000002
0.000008,0.000002
1.200000
0.000015,0.000003
0.000008,0.000003
0.000008,0.000002
0.000008,0.000002
0.000008,0.000002
0.000008,0.000002
0.000008,0.000002
0.000007,0.000002
0.000007,0.000002
0.000007,0.000002
1.200000
0.000014,0.000003
0.000008,0.000002
0.000008,0.000002
0.000007,0.000002
0.000007,0.000002
0.000007,0.000002
0.000007,0.000002
0.000008,0.000002
0.000008,0.000002
0.000007,0.000002
1.200000
0.000015,0.000003
0.000009,0.000003
0.000025,0.000003
0.000008,0.000002
0.000008,0.000002
0.000008,0.000002
0.000008,0.000002
0.000008,0.000002
0.000008,0.000002
0.000008,0.000002
1.333333
