0.000098,0.000018
0.000063,0.000014
0.000063,0.000014
0.000063,0.000014
0.000063,0.000014
0.000091,0.000017
0.000064,0.000014
0.000064,0.000014
0.000067,0.000014
0.000064,0.000014
1.250000
0.000071,0.000015
0.000084,0.000019
0.000063,0.000015
0.000063,0.000015
0.000066,0.000015
0.000063,0.000015
0.000081,0.000019
0.000063,0.000015
0.000063,0.000015
0.000063,0.000015
1.391304
0.000068,0.000016
0.000061,0.000016
0.000061,0.000016
0.000065,0.000020
0.000062,0.000016
0.000062,0.000016
0.000062,0.000016
0.000062,0.000016
0.000068,0.000020
0.000061,0.000016
1.523810
0.000071,0.000021
0.000065,0.000015
0.000064,0.000015
0.000064,0.000015
0.000064,0.000015
0.000063,0.000015
0.000063,0.000015
0.000066,0.000015
0.000063,0.000015
0.000082,0.000020
1.333333
0.000069,0.000015
0.000080,0.000018
0.000062,0.000015
0.000062,0.000015
0.000064,0.000015
0.000061,0.000015
0.000095,0.000019
0.000062,0.000015
0.000061,0.000015
0.000062,0.000015
1.391304
0.000070,0.000015
0.000066,0.000014
0.000062,0.000014
0.000082,0.000017
0.000062,0.000014
0.000062,0.000014
0.000062,0.000014
0.000062,0.000014
0.000078,0.000014
0.000064,0.000014
1.304348
0.000069,0.000015
0.000063,0.000015
0.000063,0.000015
0.000063,0.000015
0.000063,0.000015
0.000066,0.000015
0.000061,0.000015
0.000061,0.000015
0.000065,0.000015
0.000061,0.000015
1.363636
0.000073,0.000015
0.000062,0.000015
0.000083,0.000019
0.000061,0.000015
0.000063,0.000015
0.000064,0.000015
0.000063,0.000015
0.000097,0.000019
0.000063,0.000015
0.000062,0.000015
1.272727
0.000070,0.000016
0.000065,0.000016
0.000062,0.000016
0.000080,0.000020
0.000062,0.000016
0.000062,0.000016
0.000061,0.000016
0.000061,0.000016
0.000085,0.000020
0.000061,0.000016
1.454545
0.000069,0.000015
0.000061,0.000019
0.000062,0.000014
0.000062,0.000014
0.000062,0.000014
0.000062,0.000014
0.000063,0.000019
0.000061,0.000014
0.000061,0.000014
0.000061,0.000014
1.272727
