0.000058,0.000013
0.000054,0.000013
0.000050,0.000013
0.000050,0.000032
0.000051,0.000013
0.000051,0.000013
0.000051,0.000013
0.000051,0.000013
0.000051,0.000013
0.000069,0.000016
1.368421
0.000059,0.000012
0.000052,0.000012
0.000056,0.000014
0.000051,0.000012
0.000051,0.000012
0.000051,0.000012
0.000051,0.000012
0.000051,0.000012
0.000053,0.000015
0.000052,0.000012
1.100000
0.000059,0.000012
0.000052,0.000012
0.000070,0.000016
0.000053,0.000012
0.000053,0.000012
0.000052,0.000012
0.000052,0.000012
0.000052,0.000012
0.000053,0.000015
0.000052,0.000012
1.428571
0.000057,0.000012
0.000050,0.000012
0.000055,0.000015
0.000051,0.000012
0.000051,0.000012
0.000051,0.000012
0.000051,0.000012
0.000051,0.000012
0.000052,0.000016
0.000050,0.000012
1.473684
0.000057,0.000012
0.000050,0.000012
0.000049,0.000012
0.000050,0.000016
0.000051,0.000012
0.000049,0.000012
0.000051,0.000012
0.000049,0.000012
0.000051,0.000015
0.000050,0.000012
1.444444
0.000058,0.000012
0.000073,0.000014
0.000052,0.000012
0.000052,0.000012
0.000052,0.000012
0.000052,0.000012
0.000052,0.000012
0.000053,0.000015
0.000051,0.000012
0.000051,0.000011
1.300000
0.000059,0.000012
0.000056,0.000016
0.000052,0.000012
0.000053,0.000012
0.000052,0.000012
0.000053,0.000012
0.000070,0.000014
0.000052,0.000012
0.000051,0.000012
0.000053,0.000012
1.363636
0.000058,0.000013
0.000074,0.000016
0.000051,0.000017
0.000052,0.000012
0.000052,0.000012
0.000052,0.000012
0.000052,0.000012
0.000056,0.000016
0.000051,0.000012
0.000051,0.000012
1.400000
0.000058,0.000012
0.000051,0.000011
0.000075,0.000014
0.000052,0.000011
0.000052,0.000011
0.000052,0.000011
0.000052,0.000011
0.000052,0.000011
0.000053,0.000014
0.000051,0.000011
1.300000
0.000059,0.000012
0.000052,0.000012
0.000051,0.000012
0.000053,0.000012
0.000052,0.000012
0.000051,0.000012
0.000051,0.000012
0.000051,0.000030
0.000053,0.000012
0.000052,0.000012
1.428571
