0.000116,0.000033
0.000090,0.000025
0.000089,0.000025
0.000089,0.000025
0.000093,0.000034
0.000088,0.000025
0.000090,0.000025
0.000088,0.000025
0.000089,0.000036
0.000087,0.000025
1.555556
0.000097,0.000023
0.000090,0.000026
0.000090,0.000023
0.000096,0.000030
0.000092,0.000023
0.000090,0.000023
0.000092,0.000023
0.000090,0.000032
0.000092,0.000023
0.000090,0.000023
1.241379
0.000097,0.000024
0.000090,0.000024
0.000128,0.000031
0.000090,0.000024
0.000089,0.000024
0.000089,0.000024
0.000109,0.000030
0.000091,0.000024
0.000095,0.000024
0.000091,0.000024
1.379310
0.000101,0.000024
0.000092,0.000023
0.000092,0.000031
0.000090,0.000023
0.000089,0.000023
0.000090,0.000023
0.000089,0.000023
0.000090,0.000023
0.000090,0.000023
0.000106,0.000023
1.310345
0.000094,0.000023
0.000114,0.000023
0.000088,0.000023
0.000088,0.000023
0.000088,0.000023
0.000090,0.000033
0.000090,0.000023
0.000093,0.000023
0.000090,0.000023
0.000090,0.000032
1.307692
0.000097,0.000025
0.000095,0.000034
0.000091,0.000025
0.000091,0.000025
0.000091,0.000025
0.000092,0.000034
0.000089,0.000025
0.000093,0.000025
0.000089,0.000025
0.000090,0.000034
1.310345
0.000124,0.000029
0.000091,0.000022
0.000091,0.000022
0.000091,0.000022
0.000111,0.000028
0.000092,0.000022
0.000092,0.000022
0.000092,0.000022
0.000096,0.000027
0.000091,0.000022
1.266667
0.000119,0.000028
0.000089,0.000022
0.000090,0.000022
0.000089,0.000022
0.000120,0.000027
0.000091,0.000022
0.000091,0.000022
0.000091,0.000022
0.000095,0.000028
0.000090,0.000022
1.285714
0.000106,0.000028
0.000092,0.000023
0.000092,0.000023
0.000120,0.000029
0.000093,0.000023
0.000096,0.000023
0.000093,0.000023
0.000093,0.000031
0.000091,0.000023
0.000091,0.000023
1.225806
0.000097,0.000025
0.000093,0.000028
0.000127,0.000032
0.000093,0.000025
0.000090,0.000028
0.000090,0.000025
0.000112,0.000031
0.000100,0.000025
0.000095,0.000025
0.000095,0.000025
1.379310
