0.000065,0.000015
0.000058,0.000015
0.000058,0.000015
0.000061,0.000020
0.000059,0.000015
0.000059,0.000015
0.000059,0.000015
0.000059,0.000015
0.000066,0.000019
0.000058,0.000015
1.600000
0.000066,0.000013
0.000059,0.000013
0.000059,0.000013
0.000059,0.000013
0.000062,0.000018
0.000060,0.000013
0.000060,0.000013
0.000060,0.000013
0.000060,0.000013
0.000068,0.000016
1.363636
0.000066,0.000015
0.000060,0.000018
0.000061,0.000014
0.000061,0.000014
0.000061,0.000014
0.000061,0.000014
0.000064,0.000018
0.000059,0.000014
0.000059,0.000014
0.000062,0.000014
1.363636
0.000065,0.000014
0.000058,0.000013
0.000057,0.000013
0.000057,0.000018
0.000059,0.000013
0.000058,0.000013
0.000059,0.000013
0.000059,0.000013
0.000077,0.000013
0.000059,0.000013
1.400000
0.000069,0.000040
0.000064,0.000014
0.000060,0.000014
0.000063,0.000014
0.000059,0.000014
0.000062,0.000016
0.000063,0.000015
0.000063,0.000014
0.000062,0.000014
0.000061,0.000014
1.428571
0.000070,0.000015
0.000060,0.000015
0.000102,0.000018
0.000059,0.000015
0.000061,0.000015
0.000060,0.000015
0.000061,0.000015
0.000060,0.000020
0.000061,0.000015
0.000060,0.000015
1.454545
0.000066,0.000013
0.000059,0.000013
0.000058,0.000013
0.000058,0.000013
0.000079,0.000016
0.000059,0.000016
0.000058,0.000013
0.000058,0.000013
0.000058,0.000013
0.000058,0.000013
1.238095
0.000065,0.000015
0.000058,0.000015
0.000058,0.000031
0.000059,0.000015
0.000059,0.000015
0.000059,0.000015
0.000059,0.000015
0.000059,0.000015
0.000057,0.000015
0.000057,0.000015
1.600000
0.000075,0.000020
0.000061,0.000015
0.000060,0.000015
0.000061,0.000015
0.000061,0.000015
0.000061,0.000019
0.000059,0.000015
0.000059,0.000015
0.000059,0.000015
0.000059,0.000015
1.363636
0.000065,0.000014
0.000078,0.000018
0.000059,0.000014
0.000059,0.000014
0.000058,0.000014
0.000058,0.000014
0.000058,0.000014
0.000057,0.000014
0.000057,0.000014
0.000057,0.000017
1.600000
