0.000091,0.000022
0.000085,0.000022
0.000084,0.000022
0.000084,0.000022
0.000084,0.000022
0.000084,0.000022
0.000084,0.000022
0.000086,0.000022
0.000086,0.000022
0.000086,0.000022
1.357143
0.000094,0.000022
0.000087,0.000022
0.000087,0.000022
0.000109,0.000028
0.000085,0.000022
0.000085,0.000026
0.000085,0.000022
0.000105,0.000028
0.000087,0.000022
0.000085,0.000022
1.200000
0.000089,0.000021
0.000084,0.000020
0.000084,0.000020
0.000084,0.000020
0.000086,0.000027
0.000082,0.000020
0.000087,0.000020
0.000082,0.000020
0.000084,0.000026
0.000082,0.000020
1.185185
0.000120,0.000026
0.000093,0.000027
0.000092,0.000026
0.000093,0.000023
0.000092,0.000027
0.000097,0.000029
0.000083,0.000022
0.000085,0.000022
0.000085,0.000022
0.000085,0.000022
1.333333
0.000090,0.000021
0.000083,0.000021
0.000100,0.000022
0.000085,0.000021
0.000086,0.000021
0.000085,0.000021
0.000083,0.000028
0.000085,0.000021
0.000083,0.000021
0.000085,0.000021
1.285714
0.000094,0.000023
0.000086,0.000023
0.000088,0.000025
0.000087,0.000023
0.000088,0.000023
0.000086,0.000023
0.000087,0.000024
0.000088,0.000023
0.000089,0.000023
0.000087,0.000027
1.290323
0.000090,0.000022
0.000084,0.000041
0.000086,0.000022
0.000086,0.000022
0.000085,0.000022
0.000128,0.000025
0.000084,0.000022
0.000084,0.000022
0.000084,0.000022
0.000101,0.000024
1.357143
0.000091,0.000021
0.000084,0.000021
0.000084,0.000038
0.000083,0.000021
0.000091,0.000021
0.000086,0.000024
0.000087,0.000022
0.000086,0.000021
0.000083,0.000021
0.000084,0.000022
1.307692
0.000092,0.000023
0.000082,0.000023
0.000084,0.000024
0.000082,0.000023
0.000082,0.000023
0.000082,0.000026
0.000083,0.000023
0.000083,0.000023
0.000083,0.000023
0.000112,0.000023
1.333333
0.000093,0.000022
0.000086,0.000023
0.000085,0.000022
0.000085,0.000022
0.000085,0.000022
0.000106,0.000029
0.000085,0.000022
0.000085,0.000022
0.000085,0.000022
0.000108,0.000028
1.266667
