0.000018,0.000003
0.000011,0.000003
0.000011,0.000003
0.000011,0.000003
0.000030,0.000004
0.000011,0.000003
0.000011,0.000003
0.000011,0.000003
0.000011,0.000003
0.000011,0.000003
1.600000
0.000018,0.000003
0.000011,0.000003
0.000011,0.000003
0.000011,0.000003
0.000011,0.000003
0.000011,0.000003
0.000011,0.000003
0.000011,0.000003
0.000011,0.000003
0.000011,0.000003
1.666667
0.000018,0.000003
0.000012,0.000003
0.000011,0.000003
0.000011,0.000003
0.000011,0.000003
0.000011,0.000003
0.000011,0.000003
0.000011,0.000003
0.000011,0.000003
0.000011,0.000003
1.666667
0.000019,0.000003
0.000012,0.000003
0.000012,0.000004
0.000012,0.000003
0.000012,0.000003
0.000011,0.000003
0.000011,0.000003
0.000011,0.000003
0.000011,0.000003
0.000011,0.000003
1.142857
0.000018,0.000003
0.000015,0.000003
0.000011,0.000003
0.000011,0.000003
0.000011,0.000003
0.000011,0.000003
0.000011,0.000003
0.000014,0.000003
0.000010,0.000003
0.000011,0.000003
1.333333
0.000018,0.000003
0.000011,0.000003
0.000011,0.000003
0.000011,0.000003
0.000011,0.000003
0.000011,0.000003
0.000011,0.000003
0.000011,0.000003
0.000011,0.000003
0.000026,0.000003
1.666667
0.000034,0.000004
0.000011,0.000003
0.000011,0.000003
0.000011,0.000003
0.000011,0.000003
0.000011,0.000003
0.000011,0.000003
0.000011,0.000003
0.000011,0.000003
0.000011,0.000003
1.666667
0.000018,0.000003
0.000011,0.000003
0.000011,0.000003
0.000011,0.000003
0.000011,0.000003
0.000011,0.000003
0.000010,0.000003
0.000011,0.000003
0.000011,0.000004
0.000011,0.000003
1.666667
0.000018,0.000004
0.000011,0.000003
0.000011,0.000003
0.000011,0.000003
0.000011,0.000003
0.000011,0.000003
0.000010,0.000003
0.000011,0.000003
0.000010,0.000003
0.000010,0.000003
1.666667
0.000018,0.000003
0.000012,0.000003
0.000011,0.000003
0.000011,0.000003
0.000011,0.000003
0.000011,0.000003
0.000011,0.000003
0.000011,0.000003
0.000011,0.000003
0.000011,0.000003
1.333333
