0.000024,0.000006
0.000018,0.000004
0.000017,0.000004
0.000017,0.000004
0.000017,0.000004
0.000017,0.000004
0.000017,0.000004
0.000017,0.000004
0.000017,0.000004
0.000017,0.000004
1.333333
0.000024,0.000004
0.000018,0.000004
0.000017,0.000004
0.000017,0.000004
0.000017,0.000004
0.000017,0.000004
0.000017,0.000004
0.000017,0.000004
0.000021,0.000005
0.000017,0.000004
1.750000
0.000024,0.000004
0.000017,0.000004
0.000017,0.000004
0.000017,0.000004
0.000017,0.000004
0.000017,0.000004
0.000017,0.000004
0.000017,0.000004
0.000017,0.000004
0.000017,0.000004
1.500000
0.000025,0.000004
0.000018,0.000004
0.000018,0.000004
0.000018,0.000004
0.000021,0.000004
0.000018,0.000004
0.000018,0.000004
0.000018,0.000004
0.000018,0.000004
0.000018,0.000005
1.333333
0.000025,0.000004
0.000018,0.000004
0.000018,0.000004
0.000018,0.000004
0.000018,0.000004
0.000018,0.000004
0.000017,0.000004
0.000017,0.000004
0.000017,0.000004
0.000017,0.000004
1.333333
0.000024,0.000004
0.000017,0.000004
0.000017,0.000004
0.000017,0.000004
0.000017,0.000004
0.000017,0.000004
0.000017,0.000004
0.000017,0.000004
0.000022,0.000004
0.000017,0.000004
1.500000
0.000023,0.000006
0.000018,0.000004
0.000017,0.000004
0.000017,0.000004
0.000017,0.000004
0.000017,0.000004
0.000017,0.000004
0.000017,0.000004
0.000017,0.000004
0.000017,0.000004
1.500000
0.000025,0.000004
0.000038,0.000005
0.000017,0.000004
0.000017,0.000004
0.000017,0.000004
0.000017,0.000004
0.000017,0.000004
0.000017,0.000004
0.000017,0.000004
0.000017,0.000004
1.555556
0.000025,0.000004
0.000018,0.000004
0.000018,0.000005
0.000018,0.000004
0.000018,0.000004
0.000018,0.000004
0.000018,0.000004
0.000018,0.000004
0.000018,0.000004
0.000018,0.000004
1.400000
0.000024,0.000004
0.000017,0.000004
0.000017,0.000004
0.000017,0.000004
0.000018,0.000004
0.000017,0.000004
0.000017,0.000004
0.000017,0.000004
0.000017,0.000004
0.000017,0.000004
1.555556
