0.000062,0.000013
0.000054,0.000013
0.000054,0.000013
0.000054,0.000013
0.000072,0.000013
0.000054,0.000013
0.000054,0.000013
0.000054,0.000013
0.000054,0.000013
0.000054,0.000013
1.272727
0.000060,0.000013
0.000053,0.000015
0.000053,0.000012
0.000053,0.000012
0.000053,0.000012
0.000053,0.000012
0.000073,0.000016
0.000053,0.000012
0.000053,0.000012
0.000053,0.000012
1.473684
0.000062,0.000013
0.000054,0.000013
0.000054,0.000013
0.000054,0.000013
0.000054,0.000013
0.000053,0.000017
0.000054,0.000013
0.000054,0.000013
0.000054,0.000013
0.000054,0.000013
1.428571
0.000061,0.000013
0.000054,0.000013
0.000053,0.000013
0.000053,0.000034
0.000055,0.000013
0.000055,0.000013
0.000054,0.000013
0.000054,0.000013
0.000055,0.000013
0.000054,0.000017
1.428571
0.000061,0.000011
0.000054,0.000011
0.000054,0.000011
0.000072,0.000013
0.000053,0.000011
0.000052,0.000011
0.000052,0.000011
0.000052,0.000011
0.000052,0.000011
0.000056,0.000014
1.400000
0.000060,0.000012
0.000053,0.000011
0.000053,0.000012
0.000052,0.000028
0.000054,0.000012
0.000054,0.000011
0.000054,0.000011
0.000053,0.000011
0.000053,0.000012
0.000057,0.000014
1.263158
0.000060,0.000013
0.000053,0.000012
0.000053,0.000012
0.000054,0.000012
0.000054,0.000012
0.000054,0.000012
0.000054,0.000012
0.000054,0.000012
0.000061,0.000015
0.000053,0.000012
1.333333
0.000061,0.000012
0.000053,0.000012
0.000053,0.000016
0.000055,0.000012
0.000053,0.000012
0.000053,0.000012
0.000053,0.000012
0.000084,0.000015
0.000054,0.000012
0.000054,0.000012
1.142857
0.000060,0.000028
0.000051,0.000012
0.000051,0.000012
0.000051,0.000012
0.000051,0.000012
0.000051,0.000012
0.000056,0.000015
0.000052,0.000012
0.000051,0.000012
0.000052,0.000012
1.555556
0.000062,0.000013
0.000054,0.000013
0.000054,0.000013
0.000079,0.000016
0.000053,0.000013
0.000054,0.000013
0.000053,0.000013
0.000054,0.000013
0.000053,0.000013
0.000054,0.000013
1.428571
