0.000052,0.000011
0.000039,0.000009
0.000039,0.000009
0.000039,0.000012
0.000039,0.000009
0.000039,0.000009
0.000039,0.000009
0.000038,0.000009
0.000038,0.000009
0.000038,0.000009
1.466667
0.000045,0.000008
0.000038,0.000008
0.000038,0.000008
0.000041,0.000008
0.000038,0.000008
0.000038,0.000008
0.000042,0.000010
0.000039,0.000008
0.000039,0.000008
0.000039,0.000008
1.250000
0.000046,0.000009
0.000039,0.000008
0.000038,0.000008
0.000042,0.000010
0.000039,0.000008
0.000039,0.000008
0.000039,0.000008
0.000039,0.000008
0.000039,0.000008
0.000039,0.000008
1.250000
0.000046,0.000011
0.000039,0.000009
0.000039,0.000009
0.000039,0.000009
0.000039,0.000009
0.000039,0.000009
0.000039,0.000009
0.000040,0.000009
0.000040,0.000009
0.000040,0.000009
1.222222
0.000046,0.000009
0.000039,0.000009
0.000039,0.000009
0.000059,0.000011
0.000040,0.000009
0.000038,0.000009
0.000039,0.000009
0.000038,0.000009
0.000039,0.000009
0.000038,0.000009
1.500000
0.000046,0.000009
0.000039,0.000008
0.000039,0.000009
0.000039,0.000008
0.000039,0.000009
0.000077,0.000011
0.000040,0.000009
0.000040,0.000009
0.000040,0.000009
0.000040,0.000008
1.411765
0.000047,0.000009
0.000039,0.000009
0.000042,0.000011
0.000038,0.000009
0.000038,0.000008
0.000039,0.000008
0.000042,0.000008
0.000038,0.000008
0.000038,0.000008
0.000044,0.000010
1.375000
0.000046,0.000009
0.000039,0.000009
0.000039,0.000009
0.000038,0.000009
0.000038,0.000009
0.000039,0.000011
0.000038,0.000009
0.000038,0.000009
0.000038,0.000009
0.000037,0.000009
1.466667
0.000047,0.000009
0.000040,0.000009
0.000039,0.000010
0.000040,0.000009
0.000040,0.000009
0.000040,0.000009
0.000040,0.000009
0.000040,0.000009
0.000040,0.000009
0.000074,0.000011
1.294118
0.000046,0.000008
0.000039,0.000008
0.000039,0.000011
0.000039,0.000008
0.000038,0.000008
0.000039,0.000010
0.000039,0.000008
0.000040,0.000008
0.000039,0.000008
0.000039,0.000008
1.411765
