0.000140,0.000038
0.000107,0.000030
0.000109,0.000029
0.000126,0.000039
0.000106,0.000030
0.000110,0.000030
0.000130,0.000038
0.000110,0.000033
0.000112,0.000030
0.000106,0.000067
1.354839
0.000113,0.000030
0.000107,0.000030
0.000107,0.000030
0.000107,0.000041
0.000109,0.000030
0.000109,0.000030
0.000112,0.000039
0.000107,0.000030
0.000107,0.000030
0.000122,0.000030
1.312500
0.000117,0.000030
0.000110,0.000030
0.000133,0.000039
0.000111,0.000030
0.000112,0.000030
0.000112,0.000032
0.000112,0.000030
0.000115,0.000030
0.000112,0.000030
0.000109,0.000030
1.257143
0.000125,0.000040
0.000113,0.000031
0.000112,0.000031
0.000116,0.000040
0.000112,0.000031
0.000112,0.000031
0.000135,0.000040
0.000115,0.000040
0.000117,0.000031
0.000114,0.000032
1.257143
0.000118,0.000038
0.000108,0.000030
0.000108,0.000030
0.000133,0.000038
0.000104,0.000030
0.000107,0.000030
0.000104,0.000031
0.000105,0.000030
0.000110,0.000030
0.000104,0.000030
1.466667
0.000116,0.000037
0.000111,0.000028
0.000110,0.000027
0.000113,0.000037
0.000107,0.000027
0.000109,0.000028
0.000124,0.000027
0.000109,0.000028
0.000107,0.000027
0.000109,0.000030
1.272727
0.000122,0.000032
0.000112,0.000032
0.000112,0.000034
0.000107,0.000032
0.000107,0.000031
0.000107,0.000032
0.000109,0.000031
0.000109,0.000032
0.000110,0.000032
0.000110,0.000033
1.393939
0.000118,0.000032
0.000111,0.000032
0.000109,0.000031
0.000111,0.000043
0.000109,0.000031
0.000111,0.000031
0.000112,0.000041
0.000111,0.000031
0.000109,0.000031
0.000128,0.000040
1.314286
0.000113,0.000029
0.000112,0.000028
0.000125,0.000033
0.000106,0.000028
0.000108,0.000028
0.000106,0.000053
0.000108,0.000028
0.000109,0.000028
0.000108,0.000028
0.000108,0.000028
1.375000
0.000114,0.000031
0.000109,0.000030
0.000111,0.000042
0.000111,0.000031
0.000110,0.000031
0.000145,0.000038
0.000107,0.000030
0.000109,0.000031
0.000107,0.000032
0.000112,0.000031
1.375000
