0.000034,0.000006
0.000027,0.000006
0.000027,0.000006
0.000027,0.000009
0.000026,0.000006
0.000026,0.000006
0.000026,0.000006
0.000029,0.000021
0.000027,0.000006
0.000027,0.000006
1.636364
0.000035,0.000006
0.000028,0.000007
0.000028,0.000006
0.000028,0.000006
0.000028,0.000006
0.000028,0.000006
0.000031,0.000006
0.000027,0.000006
0.000028,0.000006
0.000027,0.000006
1.230769
0.000039,0.000010
0.000030,0.000006
0.000028,0.000006
0.000028,0.000006
0.000028,0.000006
0.000028,0.000006
0.000028,0.000006
0.000028,0.000006
0.000028,0.000006
0.000028,0.000006
1.384615
0.000035,0.000006
0.000028,0.000006
0.000028,0.000006
0.000028,0.000006
0.000027,0.000006
0.000027,0.000007
0.000028,0.000006
0.000028,0.000006
0.000028,0.000006
0.000028,0.000006
1.538462
0.000034,0.000009
0.000027,0.000006
0.000027,0.000006
0.000026,0.000006
0.000027,0.000008
0.000026,0.000006
0.000027,0.000006
0.000026,0.000006
0.000026,0.000006
0.000026,0.000006
1.500000
0.000034,0.000006
0.000027,0.000006
0.000026,0.000005
0.000026,0.000006
0.000027,0.000006
0.000026,0.000006
0.000026,0.000006
0.000026,0.000006
0.000030,0.000006
0.000027,0.000006
1.400000
0.000035,0.000006
0.000029,0.000008
0.000027,0.000006
0.000027,0.000006
0.000026,0.000006
0.000026,0.000006
0.000026,0.000006
0.000026,0.000006
0.000026,0.000006
0.000026,0.000006
1.500000
0.000036,0.000006
0.000028,0.000006
0.000031,0.000008
0.000028,0.000006
0.000028,0.000006
0.000028,0.000006
0.000028,0.000006
0.000028,0.000006
0.000028,0.000006
0.000028,0.000006
1.428571
0.000035,0.000006
0.000028,0.000006
0.000028,0.000006
0.000028,0.000006
0.000027,0.000006
0.000027,0.000006
0.000027,0.000006
0.000032,0.000008
0.000028,0.000006
0.000027,0.000006
1.428571
0.000034,0.000006
0.000027,0.000006
0.000027,0.000006
0.000027,0.000006
0.000027,0.000006
0.000030,0.000006
0.000028,0.000006
0.000028,0.000006
0.000027,0.000006
0.000027,0.000006
1.500000
