0.000030,0.000005
0.000023,0.000005
0.000023,0.000005
0.000023,0.000005
0.000022,0.000005
0.000022,0.000005
0.000026,0.000005
0.000022,0.000005
0.000022,0.000005
0.000022,0.000005
1.454545
0.000030,0.000005
0.000023,0.000005
0.000022,0.000038
0.000023,0.000005
0.000023,0.000005
0.000023,0.000005
0.000023,0.000005
0.000022,0.000005
0.000023,0.000005
0.000022,0.000005
1.272727
0.000030,0.000005
0.000027,0.000005
0.000022,0.000005
0.000022,0.000005
0.000022,0.000005
0.000022,0.000005
0.000022,0.000005
0.000022,0.000005
0.000022,0.000005
0.000022,0.000005
1.272727
0.000030,0.000005
0.000023,0.000005
0.000023,0.000005
0.000024,0.000005
0.000023,0.000005
0.000023,0.000005
0.000023,0.000005
0.000026,0.000005
0.000023,0.000005
0.000023,0.000005
1.333333
0.000030,0.000006
0.000023,0.000005
0.000027,0.000007
0.000023,0.000007
0.000023,0.000005
0.000022,0.000005
0.000023,0.000005
0.000023,0.000005
0.000022,0.000005
0.000022,0.000005
1.500000
0.000030,0.000006
0.000023,0.000005
0.000026,0.000007
0.000022,0.000005
0.000022,0.000005
0.000022,0.000005
0.000022,0.000005
0.000025,0.000005
0.000027,0.000006
0.000023,0.000005
1.636364
0.000030,0.000007
0.000023,0.000005
0.000022,0.000005
0.000022,0.000005
0.000022,0.000005
0.000022,0.000005
0.000022,0.000005
0.000021,0.000005
0.000021,0.000005
0.000022,0.000006
1.600000
0.000030,0.000005
0.000023,0.000005
0.000023,0.000005
0.000023,0.000005
0.000023,0.000005
0.000023,0.000005
0.000023,0.000005
0.000023,0.000005
0.000026,0.000006
0.000022,0.000005
1.166667
0.000029,0.000005
0.000022,0.000005
0.000021,0.000004
0.000021,0.000005
0.000021,0.000005
0.000021,0.000004
0.000025,0.000005
0.000021,0.000005
0.000021,0.000005
0.000021,0.000004
1.555556
0.000029,0.000005
0.000022,0.000005
0.000022,0.000005
0.000022,0.000005
0.000022,0.000005
0.000022,0.000005
0.000021,0.000005
0.000022,0.000005
0.000022,0.000005
0.000022,0.000005
1.400000
