0.000031,0.000005
0.000024,0.000005
0.000023,0.000005
0.000023,0.000005
0.000023,0.000005
0.000023,0.000006
0.000023,0.000005
0.000023,0.000005
0.000023,0.000005
0.000023,0.000005
1.600000
0.000031,0.000007
0.000025,0.000006
0.000024,0.000006
0.000025,0.000006
0.000024,0.000006
0.000025,0.000006
0.000024,0.000006
0.000025,0.000006
0.000024,0.000006
0.000027,0.000007
1.333333
0.000032,0.000005
0.000025,0.000005
0.000025,0.000005
0.000024,0.000005
0.000024,0.000005
0.000024,0.000005
0.000024,0.000005
0.000024,0.000005
0.000024,0.000005
0.000024,0.000005
1.636364
0.000031,0.000006
0.000024,0.000006
0.000024,0.000006
0.000024,0.000006
0.000024,0.000006
0.000024,0.000006
0.000024,0.000006
0.000028,0.000007
0.000024,0.000006
0.000024,0.000006
1.500000
0.000031,0.000006
0.000025,0.000005
0.000024,0.000005
0.000024,0.000005
0.000024,0.000005
0.000028,0.000007
0.000024,0.000005
0.000024,0.000005
0.000024,0.000005
0.000024,0.000005
1.166667
0.000031,0.000006
0.000028,0.000005
0.000024,0.000005
0.000024,0.000005
0.000024,0.000005
0.000024,0.000007
0.000025,0.000005
0.000024,0.000005
0.000024,0.000005
0.000024,0.000005
1.333333
0.000032,0.000005
0.000024,0.000005
0.000024,0.000005
0.000024,0.000005
0.000024,0.000005
0.000042,0.000006
0.000024,0.000005
0.000024,0.000005
0.000024,0.000005
0.000024,0.000005
1.333333
0.000031,0.000005
0.000024,0.000005
0.000024,0.000005
0.000023,0.000005
0.000023,0.000005
0.000023,0.000005
0.000023,0.000006
0.000024,0.000005
0.000023,0.000006
0.000024,0.000005
1.636364
0.000031,0.000005
0.000024,0.000005
0.000024,0.000005
0.000024,0.000005
0.000042,0.000007
0.000023,0.000005
0.000023,0.000005
0.000023,0.000005
0.000023,0.000005
0.000024,0.000005
1.500000
0.000032,0.000006
0.000025,0.000005
0.000025,0.000005
0.000042,0.000007
0.000025,0.000005
0.000024,0.000005
0.000025,0.000005
0.000024,0.000005
0.000024,0.000008
0.000028,0.000005
1.500000
