0.000108,0.000025
0.000105,0.000025
0.000101,0.000045
0.000103,0.000025
0.000103,0.000025
0.000103,0.000025
0.000103,0.000032
0.000101,0.000025
0.000101,0.000025
0.000121,0.000032
1.354839
0.000108,0.000028
0.000099,0.000026
0.000101,0.000026
0.000099,0.000026
0.000101,0.000036
0.000101,0.000026
0.000102,0.000026
0.000121,0.000033
0.000102,0.000026
0.000100,0.000026
1.333333
0.000108,0.000026
0.000101,0.000045
0.000103,0.000026
0.000106,0.000026
0.000103,0.000026
0.000103,0.000035
0.000100,0.000025
0.000103,0.000025
0.000130,0.000032
0.000103,0.000026
1.419355
0.000109,0.000026
0.000103,0.000026
0.000104,0.000026
0.000104,0.000036
0.000106,0.000026
0.000103,0.000026
0.000125,0.000033
0.000103,0.000026
0.000109,0.000026
0.000104,0.000050
1.272727
0.000110,0.000026
0.000105,0.000026
0.000105,0.000026
0.000105,0.000026
0.000103,0.000026
0.000102,0.000029
0.000103,0.000026
0.000105,0.000036
0.000105,0.000026
0.000105,0.000026
1.333333
0.000110,0.000029
0.000133,0.000036
0.000101,0.000028
0.000107,0.000029
0.000103,0.000028
0.000102,0.000045
0.000101,0.000028
0.000101,0.000028
0.000101,0.000028
0.000101,0.000039
1.437500
0.000126,0.000033
0.000103,0.000027
0.000106,0.000027
0.000102,0.000027
0.000102,0.000040
0.000104,0.000027
0.000104,0.000027
0.000124,0.000035
0.000103,0.000027
0.000106,0.000027
1.272727
0.000108,0.000028
0.000102,0.000028
0.000126,0.000036
0.000104,0.000028
0.000104,0.000027
0.000104,0.000027
0.000102,0.000027
0.000102,0.000031
0.000102,0.000027
0.000106,0.000037
1.333333
0.000110,0.000031
0.000103,0.000026
0.000102,0.000026
0.000102,0.000030
0.000102,0.000025
0.000102,0.000025
0.000102,0.000025
0.000102,0.000037
0.000100,0.000025
0.000100,0.000025
1.354839
0.000107,0.000026
0.000121,0.000035
0.000100,0.000026
0.000103,0.000026
0.000100,0.000026
0.000100,0.000036
0.000102,0.000026
0.000100,0.000026
0.000123,0.000033
0.000100,0.000026
1.290323
