0.000012,0.000002
0.000006,0.000002
0.000006,0.000002
0.000006,0.000002
0.000006,0.000002
0.000006,0.000002
0.000006,0.000002
0.000006,0.000002
0.000006,0.000002
0.000006,0.000002
2.000000
0.000012,0.000002
0.000006,0.000002
0.000006,0.000002
0.000006,0.000002
0.000005,0.000002
0.000006,0.000002
0.000006,0.000002
0.000006,0.000002
0.000006,0.000002
0.000005,0.000002
2.000000
0.000012,0.000002
0.000006,0.000002
0.000006,0.000002
0.000006,0.000002
0.000006,0.000002
0.000006,0.000002
0.000006,0.000002
0.000006,0.000002
0.000006,0.000002
0.000006,0.000002
1.500000
0.000012,0.000002
0.000007,0.000002
0.000006,0.000002
0.000006,0.000002
0.000006,0.000002
0.000006,0.000002
0.000006,0.000002
0.000005,0.000002
0.000006,0.000002
0.000006,0.000002
2.000000
0.000012,0.000002
0.000006,0.000002
0.000006,0.000002
0.000006,0.000002
0.000006,0.000002
0.000006,0.000002
0.000006,0.000002
0.000006,0.000002
0.000006,0.000002
0.000006,0.000002
1.500000
0.000012,0.000002
0.000006,0.000002
0.000005,0.000002
0.000005,0.000002
0.000005,0.000002
0.000005,0.000002
0.000005,0.000002
0.000005,0.000002
0.000005,0.000002
0.000005,0.000002
2.000000
0.000012,0.000002
0.000006,0.000002
0.000006,0.000002
0.000006,0.000002
0.000006,0.000002
0.000006,0.000002
0.000006,0.000002
0.000005,0.000002
0.000006,0.000002
0.000007,0.000003
2.000000
0.000013,0.000002
0.000006,0.000002
0.000007,0.000002
0.000006,0.000002
0.000006,0.000002
0.000006,0.000002
0.000006,0.000002
0.000006,0.000002
0.000006,0.000002
0.000006,0.000005
1.500000
0.000012,0.000002
0.000006,0.000002
0.000006,0.000002
0.000006,0.000002
0.000006,0.000002
0.000006,0.000002
0.000007,0.000002
0.000006,0.000002
0.000006,0.000002
0.000006,0.000002
1.000000
0.000012,0.000002
0.000006,0.000002
0.000006,0.000002
0.000006,0.000002
0.000006,0.000002
0.000006,0.000002
0.000006,0.000002
0.000006,0.000002
0.000006,0.000002
0.000006,0.000002
1.500000
