0.000020,0.000003
0.000013,0.000003
0.000013,0.000003
0.000012,0.000003
0.000013,0.000003
0.000012,0.000003
0.000012,0.000003
0.000013,0.000003
0.000013,0.000003
0.000013,0.000003
1.714286
0.000020,0.000003
0.000012,0.000003
0.000012,0.000003
0.000012,0.000003
0.000012,0.000003
0.000012,0.000003
0.000012,0.000003
0.000012,0.000003
0.000012,0.000003
0.000012,0.000003
1.428571
0.000020,0.000003
0.000013,0.000003
0.000013,0.000003
0.000013,0.000003
0.000013,0.000003
0.000012,0.000003
0.000012,0.000003
0.000012,0.000003
0.000012,0.000003
0.000013,0.000003
1.428571
0.000019,0.000003
0.000015,0.000003
0.000012,0.000003
0.000012,0.000003
0.000012,0.000003
0.000012,0.000003
0.000012,0.000003
0.000012,0.000003
0.000012,0.000003
0.000012,0.000003
1.600000
0.000019,0.000003
0.000012,0.000003
0.000012,0.000003
0.000012,0.000003
0.000012,0.000003
0.000012,0.000003
0.000012,0.000003
0.000012,0.000003
0.000012,0.000003
0.000012,0.000003
1.333333
0.000031,0.000004
0.000013,0.000003
0.000013,0.000003
0.000012,0.000003
0.000012,0.000003
0.000012,0.000003
0.000012,0.000003
0.000012,0.000003
0.000012,0.000003
0.000012,0.000003
1.666667
0.000020,0.000004
0.000013,0.000003
0.000013,0.000003
0.000013,0.000003
0.000013,0.000004
0.000013,0.000003
0.000013,0.000003
0.000012,0.000003
0.000013,0.000003
0.000012,0.000003
1.428571
0.000019,0.000003
0.000013,0.000003
0.000012,0.000003
0.000012,0.000003
0.000012,0.000003
0.000012,0.000003
0.000012,0.000003
0.000012,0.000003
0.000015,0.000004
0.000012,0.000003
1.666667
0.000020,0.000003
0.000013,0.000003
0.000013,0.000003
0.000012,0.000003
0.000012,0.000003
0.000012,0.000003
0.000012,0.000003
0.000012,0.000003
0.000012,0.000003
0.000012,0.000003
1.500000
0.000020,0.000003
0.000013,0.000003
0.000012,0.000003
0.000012,0.000003
0.000012,0.000003
0.000012,0.000003
0.000012,0.000003
0.000012,0.000003
0.000012,0.000025
0.000013,0.000003
1.142857
