0.000075,0.000017
0.000068,0.000016
0.000068,0.000018
0.000068,0.000016
0.000068,0.000016
0.000068,0.000016
0.000068,0.000016
0.000073,0.000020
0.000067,0.000016
0.000066,0.000016
1.391304
0.000076,0.000019
0.000069,0.000018
0.000071,0.000024
0.000070,0.000018
0.000070,0.000018
0.000069,0.000018
0.000069,0.000018
0.000069,0.000024
0.000069,0.000018
0.000069,0.000018
1.360000
0.000075,0.000018
0.000095,0.000022
0.000068,0.000018
0.000068,0.000018
0.000068,0.000018
0.000068,0.000018
0.000068,0.000023
0.000073,0.000018
0.000070,0.000018
0.000070,0.000018
1.333333
0.000075,0.000018
0.000069,0.000017
0.000069,0.000017
0.000069,0.000017
0.000068,0.000017
0.000069,0.000017
0.000068,0.000017
0.000068,0.000017
0.000069,0.000017
0.000068,0.000018
1.416667
0.000109,0.000022
0.000070,0.000017
0.000069,0.000017
0.000069,0.000017
0.000069,0.000017
0.000069,0.000023
0.000067,0.000017
0.000067,0.000017
0.000067,0.000017
0.000067,0.000034
1.416667
0.000099,0.000020
0.000070,0.000017
0.000070,0.000020
0.000070,0.000016
0.000070,0.000017
0.000072,0.000017
0.000071,0.000017
0.000071,0.000017
0.000071,0.000017
0.000074,0.000023
1.259259
0.000076,0.000017
0.000068,0.000020
0.000068,0.000016
0.000085,0.000020
0.000068,0.000016
0.000067,0.000016
0.000067,0.000016
0.000067,0.000016
0.000071,0.000020
0.000066,0.000016
1.416667
0.000079,0.000022
0.000069,0.000016
0.000068,0.000016
0.000068,0.000016
0.000088,0.000020
0.000067,0.000016
0.000068,0.000016
0.000071,0.000016
0.000067,0.000016
0.000071,0.000020
1.454545
0.000090,0.000018
0.000068,0.000017
0.000068,0.000020
0.000068,0.000017
0.000103,0.000021
0.000067,0.000017
0.000067,0.000017
0.000067,0.000017
0.000067,0.000017
0.000086,0.000021
1.478261
0.000075,0.000023
0.000071,0.000015
0.000068,0.000015
0.000070,0.000015
0.000071,0.000021
0.000070,0.000015
0.000068,0.000015
0.000070,0.000015
0.000068,0.000033
0.000070,0.000015
1.250000
