0.000032,0.000006
0.000020,0.000005
0.000019,0.000004
0.000019,0.000005
0.000019,0.000005
0.000022,0.000004
0.000019,0.000004
0.000019,0.000004
0.000019,0.000004
0.000019,0.000005
1.400000
0.000026,0.000004
0.000020,0.000004
0.000020,0.000004
0.000041,0.000005
0.000019,0.000004
0.000019,0.000004
0.000019,0.000004
0.000019,0.000004
0.000019,0.000004
0.000022,0.000004
1.400000
0.000026,0.000005
0.000022,0.000004
0.000019,0.000004
0.000019,0.000004
0.000019,0.000004
0.000019,0.000004
0.000019,0.000004
0.000019,0.000004
0.000019,0.000004
0.000019,0.000004
1.555556
0.000026,0.000005
0.000019,0.000004
0.000019,0.000004
0.000022,0.000005
0.000018,0.000004
0.000018,0.000004
0.000018,0.000004
0.000018,0.000004
0.000018,0.000004
0.000018,0.000004
1.555556
0.000026,0.000004
0.000020,0.000004
0.000019,0.000004
0.000019,0.000004
0.000019,0.000004
0.000034,0.000004
0.000019,0.000004
0.000019,0.000004
0.000019,0.000004
0.000019,0.000004
1.600000
0.000026,0.000004
0.000019,0.000004
0.000019,0.000004
0.000019,0.000004
0.000019,0.000004
0.000019,0.000005
0.000019,0.000004
0.000019,0.000004
0.000019,0.000004
0.000019,0.000004
1.555556
0.000026,0.000004
0.000020,0.000004
0.000019,0.000004
0.000019,0.000004
0.000019,0.000004
0.000018,0.000004
0.000022,0.000004
0.000018,0.000004
0.000018,0.000004
0.000018,0.000004
1.111111
0.000025,0.000005
0.000019,0.000004
0.000018,0.000004
0.000018,0.000004
0.000018,0.000004
0.000018,0.000004
0.000018,0.000004
0.000018,0.000004
0.000035,0.000004
0.000018,0.000004
1.777778
0.000027,0.000005
0.000021,0.000004
0.000020,0.000004
0.000019,0.000004
0.000019,0.000004
0.000019,0.000004
0.000019,0.000004
0.000020,0.000023
0.000019,0.000005
0.000019,0.000004
1.400000
0.000026,0.000005
0.000020,0.000004
0.000019,0.000004
0.000019,0.000004
0.000019,0.000004
0.000019,0.000004
0.000019,0.000004
0.000019,0.000004
0.000019,0.000005
0.000019,0.000004
1.400000
