0.000095,0.000032
0.000087,0.000024
0.000087,0.000024
0.000104,0.000030
0.000086,0.000024
0.000086,0.000024
0.000086,0.000024
0.000107,0.000031
0.000088,0.000024
0.000087,0.000027
1.310345
0.000092,0.000021
0.000086,0.000021
0.000105,0.000026
0.000086,0.000021
0.000086,0.000021
0.000085,0.000020
0.000104,0.000027
0.000086,0.000020
0.000086,0.000020
0.000085,0.000021
1.214286
0.000093,0.000025
0.000087,0.000025
0.000109,0.000025
0.000091,0.000028
0.000103,0.000029
0.000092,0.000034
0.000089,0.000025
0.000092,0.000025
0.000088,0.000025
0.000087,0.000025
1.310345
0.000096,0.000022
0.000091,0.000037
0.000086,0.000022
0.000088,0.000022
0.000086,0.000022
0.000109,0.000028
0.000085,0.000022
0.000087,0.000022
0.000087,0.000022
0.000089,0.000028
1.285714
0.000096,0.000023
0.000087,0.000022
0.000086,0.000030
0.000089,0.000022
0.000087,0.000022
0.000089,0.000022
0.000087,0.000028
0.000088,0.000022
0.000087,0.000023
0.000088,0.000041
1.333333
0.000095,0.000023
0.000089,0.000023
0.000120,0.000030
0.000089,0.000023
0.000088,0.000023
0.000088,0.000023
0.000107,0.000029
0.000087,0.000023
0.000087,0.000026
0.000087,0.000023
1.241379
0.000091,0.000022
0.000083,0.000022
0.000083,0.000022
0.000083,0.000030
0.000085,0.000022
0.000085,0.000022
0.000085,0.000022
0.000085,0.000022
0.000085,0.000022
0.000085,0.000022
1.440000
0.000094,0.000022
0.000091,0.000022
0.000088,0.000022
0.000089,0.000028
0.000087,0.000022
0.000088,0.000022
0.000087,0.000022
0.000088,0.000029
0.000086,0.000022
0.000086,0.000022
1.428571
0.000094,0.000022
0.000091,0.000022
0.000087,0.000022
0.000090,0.000030
0.000089,0.000022
0.000089,0.000022
0.000089,0.000022
0.000089,0.000029
0.000087,0.000022
0.000090,0.000022
1.266667
0.000094,0.000022
0.000091,0.000022
0.000087,0.000022
0.000087,0.000030
0.000089,0.000022
0.000089,0.000022
0.000089,0.000022
0.000088,0.000022
0.000089,0.000022
0.000089,0.000022
1.266667
