0.000081,0.000018
0.000074,0.000021
0.000075,0.000024
0.000076,0.000018
0.000075,0.000019
0.000076,0.000018
0.000080,0.000022
0.000074,0.000018
0.000074,0.000018
0.000074,0.000018
1.391304
0.000083,0.000019
0.000076,0.000019
0.000075,0.000019
0.000075,0.000051
0.000077,0.000019
0.000077,0.000019
0.000077,0.000019
0.000077,0.000019
0.000077,0.000019
0.000077,0.000019
1.360000
0.000082,0.000019
0.000076,0.000035
0.000077,0.000019
0.000077,0.000019
0.000077,0.000019
0.000077,0.000019
0.000077,0.000019
0.000077,0.000019
0.000077,0.000019
0.000077,0.000019
1.384615
0.000083,0.000019
0.000077,0.000019
0.000077,0.000019
0.000080,0.000025
0.000078,0.000019
0.000078,0.000022
0.000078,0.000019
0.000097,0.000024
0.000078,0.000019
0.000078,0.000019
1.230769
0.000082,0.000018
0.000100,0.000023
0.000075,0.000018
0.000076,0.000018
0.000075,0.000018
0.000092,0.000020
0.000076,0.000018
0.000076,0.000018
0.000075,0.000018
0.000076,0.000037
1.333333
0.000083,0.000021
0.000076,0.000021
0.000076,0.000021
0.000075,0.000047
0.000077,0.000021
0.000077,0.000021
0.000077,0.000021
0.000077,0.000055
0.000076,0.000021
0.000076,0.000021
1.583333
0.000083,0.000019
0.000077,0.000035
0.000078,0.000019
0.000078,0.000019
0.000078,0.000019
0.000078,0.000019
0.000078,0.000019
0.000078,0.000019
0.000078,0.000019
0.000078,0.000019
1.307692
0.000083,0.000019
0.000101,0.000023
0.000078,0.000018
0.000077,0.000018
0.000077,0.000018
0.000077,0.000019
0.000077,0.000018
0.000077,0.000018
0.000077,0.000018
0.000077,0.000018
1.360000
0.000085,0.000020
0.000078,0.000020
0.000077,0.000020
0.000079,0.000020
0.000079,0.000020
0.000079,0.000020
0.000079,0.000020
0.000077,0.000026
0.000079,0.000020
0.000079,0.000020
1.333333
0.000104,0.000024
0.000078,0.000019
0.000077,0.000019
0.000078,0.000019
0.000085,0.000024
0.000078,0.000019
0.000076,0.000019
0.000078,0.000019
0.000098,0.000024
0.000078,0.000019
1.461538
