0.000107,0.000027
0.000100,0.000037
0.000098,0.000027
0.000098,0.000027
0.000117,0.000035
0.000100,0.000027
0.000100,0.000027
0.000100,0.000027
0.000100,0.000036
0.000098,0.000027
1.466667
0.000102,0.000025
0.000095,0.000025
0.000095,0.000026
0.000095,0.000025
0.000095,0.000025
0.000095,0.000024
0.000098,0.000033
0.000097,0.000025
0.000100,0.000024
0.000097,0.000039
1.500000
0.000103,0.000027
0.000096,0.000037
0.000098,0.000026
0.000097,0.000027
0.000114,0.000034
0.000097,0.000027
0.000097,0.000026
0.000097,0.000026
0.000097,0.000036
0.000095,0.000027
1.400000
0.000103,0.000028
0.000096,0.000028
0.000096,0.000028
0.000099,0.000038
0.000098,0.000028
0.000097,0.000028
0.000097,0.000029
0.000096,0.000028
0.000095,0.000028
0.000095,0.000028
1.466667
0.000104,0.000027
0.000100,0.000037
0.000097,0.000027
0.000102,0.000027
0.000119,0.000035
0.000099,0.000027
0.000096,0.000027
0.000099,0.000027
0.000096,0.000037
0.000098,0.000027
1.354839
0.000103,0.000025
0.000096,0.000025
0.000113,0.000026
0.000098,0.000025
0.000097,0.000025
0.000097,0.000027
0.000097,0.000025
0.000097,0.000028
0.000097,0.000025
0.000099,0.000033
1.333333
0.000105,0.000027
0.000097,0.000036
0.000099,0.000027
0.000099,0.000026
0.000131,0.000033
0.000097,0.000026
0.000099,0.000026
0.000096,0.000026
0.000096,0.000036
0.000098,0.000026
1.466667
0.000107,0.000037
0.000098,0.000027
0.000098,0.000027
0.000132,0.000034
0.000099,0.000027
0.000102,0.000027
0.000099,0.000027
0.000096,0.000036
0.000099,0.000027
0.000099,0.000027
1.419355
0.000106,0.000026
0.000120,0.000033
0.000097,0.000026
0.000102,0.000026
0.000097,0.000026
0.000099,0.000026
0.000097,0.000026
0.000099,0.000026
0.000100,0.000035
0.000099,0.000026
1.225806
0.000121,0.000027
0.000099,0.000026
0.000098,0.000026
0.000098,0.000058
0.000096,0.000026
0.000096,0.000026
0.000096,0.000026
0.000100,0.000036
0.000098,0.000026
0.000101,0.000026
1.448276
