0.000021,0.000004
0.000014,0.000004
0.000013,0.000003
0.000013,0.000004
0.000013,0.000003
0.000013,0.000003
0.000013,0.000003
0.000013,0.000003
0.000013,0.000003
0.000013,0.000003
2.000000
0.000022,0.000003
0.000015,0.000003
0.000015,0.000003
0.000015,0.000003
0.000015,0.000003
0.000014,0.000003
0.000015,0.000003
0.000018,0.000004
0.000014,0.000003
0.000014,0.000003
1.111111
0.000021,0.000004
0.000015,0.000003
0.000014,0.000003
0.000014,0.000003
0.000014,0.000003
0.000014,0.000003
0.000014,0.000003
0.000014,0.000003
0.000014,0.000003
0.000019,0.000004
1.666667
0.000021,0.000004
0.000014,0.000004
0.000014,0.000003
0.000014,0.000003
0.000014,0.000003
0.000014,0.000003
0.000014,0.000003
0.000014,0.000003
0.000014,0.000003
0.000014,0.000003
1.428571
0.000021,0.000004
0.000066,0.000004
0.000017,0.000003
0.000014,0.000003
0.000014,0.000003
0.000014,0.000003
0.000014,0.000003
0.000014,0.000003
0.000014,0.000004
0.000014,0.000003
1.428571
0.000021,0.000004
0.000014,0.000004
0.000016,0.000004
0.000014,0.000004
0.000014,0.000003
0.000014,0.000004
0.000014,0.000004
0.000014,0.000004
0.000014,0.000003
0.000014,0.000004
1.500000
0.000021,0.000004
0.000014,0.000003
0.000014,0.000003
0.000014,0.000003
0.000014,0.000003
0.000014,0.000003
0.000063,0.000004
0.000014,0.000003
0.000014,0.000003
0.000014,0.000003
1.428571
0.000021,0.000003
0.000014,0.000003
0.000014,0.000003
0.000014,0.000003
0.000014,0.000003
0.000014,0.000003
0.000014,0.000003
0.000014,0.000003
0.000014,0.000003
0.000014,0.000003
1.250000
0.000022,0.000004
0.000015,0.000003
0.000015,0.000003
0.000015,0.000003
0.000014,0.000003
0.000014,0.000003
0.000014,0.000003
0.000014,0.000003
0.000014,0.000003
0.000014,0.000003
1.111111
0.000022,0.000004
0.000018,0.000004
0.000014,0.000004
0.000014,0.000003
0.000014,0.000003
0.000014,0.000003
0.000014,0.000003
0.000014,0.000004
0.000014,0.000004
0.000014,0.000004
1.750000
