0.000078,0.000017
0.000070,0.000023
0.000072,0.000017
0.000071,0.000017
0.000071,0.000017
0.000090,0.000022
0.000072,0.000017
0.000071,0.000017
0.000071,0.000017
0.000071,0.000017
1.280000
0.000079,0.000024
0.000071,0.000017
0.000071,0.000017
0.000071,0.000017
0.000074,0.000022
0.000072,0.000017
0.000072,0.000017
0.000072,0.000017
0.000072,0.000033
0.000071,0.000017
1.333333
0.000080,0.000024
0.000072,0.000017
0.000071,0.000017
0.000071,0.000017
0.000071,0.000023
0.000072,0.000017
0.000072,0.000017
0.000072,0.000017
0.000107,0.000022
0.000071,0.000017
1.230769
0.000083,0.000022
0.000072,0.000018
0.000072,0.000018
0.000072,0.000018
0.000071,0.000034
0.000070,0.000018
0.000070,0.000018
0.000073,0.000018
0.000070,0.000018
0.000091,0.000023
1.333333
0.000082,0.000022
0.000072,0.000018
0.000074,0.000018
0.000071,0.000018
0.000073,0.000026
0.000070,0.000018
0.000070,0.000018
0.000070,0.000018
0.000070,0.000034
0.000071,0.000018
1.565217
0.000077,0.000017
0.000070,0.000017
0.000070,0.000017
0.000105,0.000022
0.000071,0.000017
0.000071,0.000017
0.000071,0.000017
0.000071,0.000017
0.000071,0.000017
0.000071,0.000017
1.280000
0.000079,0.000019
0.000072,0.000019
0.000072,0.000037
0.000073,0.000019
0.000073,0.000019
0.000073,0.000019
0.000073,0.000019
0.000073,0.000025
0.000072,0.000019
0.000073,0.000019
1.259259
0.000076,0.000018
0.000069,0.000018
0.000069,0.000024
0.000071,0.000018
0.000070,0.000018
0.000070,0.000018
0.000108,0.000022
0.000070,0.000018
0.000070,0.000018
0.000070,0.000018
1.391304
0.000107,0.000022
0.000073,0.000018
0.000076,0.000018
0.000072,0.000018
0.000076,0.000018
0.000072,0.000018
0.000076,0.000018
0.000076,0.000018
0.000076,0.000018
0.000093,0.000022
1.259259
0.000078,0.000016
0.000070,0.000015
0.000070,0.000016
0.000070,0.000016
0.000072,0.000020
0.000070,0.000016
0.000070,0.000016
0.000070,0.000016
0.000087,0.000020
0.000070,0.000016
1.120000
