0.000099,0.000026
0.000093,0.000026
0.000092,0.000026
0.000095,0.000028
0.000094,0.000026
0.000094,0.000026
0.000112,0.000033
0.000093,0.000026
0.000092,0.000026
0.000092,0.000026
1.466667
0.000103,0.000026
0.000116,0.000033
0.000094,0.000026
0.000096,0.000026
0.000093,0.000026
0.000094,0.000035
0.000095,0.000026
0.000095,0.000026
0.000112,0.000029
0.000095,0.000026
1.354839
0.000099,0.000026
0.000095,0.000026
0.000094,0.000029
0.000094,0.000026
0.000098,0.000033
0.000092,0.000026
0.000092,0.000026
0.000092,0.000026
0.000092,0.000036
0.000094,0.000026
1.379310
0.000126,0.000032
0.000102,0.000025
0.000097,0.000025
0.000101,0.000025
0.000092,0.000032
0.000101,0.000025
0.000094,0.000025
0.000118,0.000032
0.000094,0.000025
0.000101,0.000028
1.428571
0.000102,0.000024
0.000099,0.000023
0.000095,0.000024
0.000093,0.000023
0.000093,0.000023
0.000093,0.000023
0.000113,0.000030
0.000095,0.000023
0.000096,0.000024
0.000095,0.000024
1.225806
0.000103,0.000027
0.000092,0.000027
0.000094,0.000027
0.000094,0.000027
0.000093,0.000027
0.000115,0.000034
0.000092,0.000027
0.000097,0.000027
0.000092,0.000027
0.000093,0.000037
1.500000
0.000100,0.000024
0.000094,0.000025
0.000095,0.000023
0.000094,0.000023
0.000119,0.000029
0.000094,0.000023
0.000094,0.000027
0.000095,0.000023
0.000098,0.000031
0.000093,0.000023
1.161290
0.000101,0.000025
0.000096,0.000025
0.000096,0.000024
0.000095,0.000025
0.000097,0.000033
0.000094,0.000025
0.000097,0.000024
0.000094,0.000025
0.000096,0.000025
0.000096,0.000025
1.225806
0.000099,0.000025
0.000092,0.000024
0.000091,0.000024
0.000124,0.000031
0.000094,0.000024
0.000097,0.000024
0.000093,0.000024
0.000094,0.000032
0.000091,0.000024
0.000091,0.000024
1.241379
0.000101,0.000025
0.000102,0.000042
0.000095,0.000024
0.000108,0.000024
0.000095,0.000024
0.000122,0.000026
0.000093,0.000024
0.000103,0.000024
0.000093,0.000043
0.000105,0.000024
1.333333
