0.000072,0.000016
0.000065,0.000015
0.000065,0.000015
0.000065,0.000016
0.000066,0.000015
0.000066,0.000015
0.000069,0.000015
0.000066,0.000015
0.000087,0.000019
0.000065,0.000015
1.250000
0.000079,0.000019
0.000066,0.000015
0.000066,0.000015
0.000065,0.000015
0.000065,0.000016
0.000065,0.000015
0.000065,0.000015
0.000065,0.000015
0.000065,0.000015
0.000082,0.000019
1.363636
0.000072,0.000017
0.000068,0.000023
0.000066,0.000016
0.000066,0.000016
0.000065,0.000016
0.000066,0.000017
0.000066,0.000022
0.000064,0.000016
0.000064,0.000017
0.000064,0.000016
1.304348
0.000073,0.000017
0.000066,0.000016
0.000071,0.000020
0.000064,0.000016
0.000064,0.000016
0.000064,0.000016
0.000064,0.000016
0.000069,0.000020
0.000065,0.000016
0.000064,0.000016
1.391304
0.000071,0.000016
0.000065,0.000019
0.000064,0.000016
0.000064,0.000054
0.000066,0.000016
0.000066,0.000016
0.000066,0.000016
0.000066,0.000016
0.000084,0.000020
0.000064,0.000016
1.333333
0.000072,0.000017
0.000067,0.000017
0.000066,0.000017
0.000066,0.000017
0.000066,0.000017
0.000070,0.000021
0.000065,0.000017
0.000066,0.000017
0.000064,0.000017
0.000066,0.000017
1.333333
0.000072,0.000014
0.000082,0.000018
0.000065,0.000014
0.000065,0.000014
0.000068,0.000014
0.000065,0.000014
0.000085,0.000018
0.000065,0.000014
0.000065,0.000014
0.000065,0.000014
1.333333
0.000071,0.000016
0.000065,0.000016
0.000065,0.000016
0.000065,0.000016
0.000065,0.000016
0.000065,0.000016
0.000065,0.000016
0.000065,0.000034
0.000065,0.000016
0.000064,0.000016
1.280000
0.000070,0.000015
0.000063,0.000015
0.000063,0.000015
0.000063,0.000015
0.000070,0.000019
0.000065,0.000015
0.000065,0.000015
0.000064,0.000015
0.000065,0.000015
0.000068,0.000019
1.428571
0.000072,0.000031
0.000067,0.000016
0.000067,0.000016
0.000070,0.000016
0.000067,0.000016
0.000102,0.000020
0.000065,0.000016
0.000065,0.000016
0.000065,0.000016
0.000065,0.000016
1.333333
