0.000028,0.000005
0.000021,0.000005
0.000020,0.000005
0.000025,0.000006
0.000021,0.000005
0.000021,0.000005
0.000021,0.000005
0.000021,0.000005
0.000021,0.000005
0.000021,0.000005
1.600000
0.000029,0.000005
0.000021,0.000006
0.000021,0.000005
0.000021,0.000005
0.000020,0.000005
0.000020,0.000005
0.000021,0.000005
0.000021,0.000005
0.000021,0.000005
0.000021,0.000005
1.600000
0.000033,0.000007
0.000021,0.000005
0.000021,0.000005
0.000021,0.000005
0.000021,0.000005
0.000021,0.000005
0.000021,0.000005
0.000021,0.000005
0.000021,0.000005
0.000021,0.000005
1.454545
0.000028,0.000005
0.000021,0.000005
0.000021,0.000005
0.000020,0.000005
0.000020,0.000005
0.000020,0.000005
0.000020,0.000005
0.000020,0.000005
0.000020,0.000019
0.000020,0.000005
1.555556
0.000036,0.000005
0.000022,0.000004
0.000022,0.000004
0.000022,0.000004
0.000021,0.000004
0.000021,0.000004
0.000021,0.000004
0.000021,0.000004
0.000021,0.000004
0.000021,0.000004
1.166667
0.000028,0.000005
0.000021,0.000005
0.000021,0.000005
0.000020,0.000005
0.000024,0.000005
0.000020,0.000005
0.000020,0.000005
0.000020,0.000005
0.000020,0.000005
0.000024,0.000008
1.400000
0.000027,0.000005
0.000020,0.000005
0.000020,0.000005
0.000020,0.000005
0.000020,0.000005
0.000020,0.000005
0.000020,0.000046
0.000020,0.000005
0.000020,0.000005
0.000020,0.000005
1.750000
0.000028,0.000005
0.000021,0.000005
0.000021,0.000005
0.000020,0.000005
0.000043,0.000005
0.000021,0.000005
0.000020,0.000004
0.000021,0.000004
0.000020,0.000004
0.000021,0.000004
1.555556
0.000027,0.000005
0.000021,0.000005
0.000020,0.000005
0.000020,0.000005
0.000020,0.000005
0.000023,0.000006
0.000021,0.000005
0.000021,0.000005
0.000021,0.000005
0.000021,0.000005
1.400000
0.000028,0.000005
0.000021,0.000005
0.000020,0.000005
0.000020,0.000005
0.000020,0.000005
0.000020,0.000005
0.000020,0.000006
0.000021,0.000005
0.000021,0.000005
0.000021,0.000005
1.400000
