0.000114,0.000027
0.000110,0.000035
0.000105,0.000027
0.000107,0.000027
0.000126,0.000035
0.000105,0.000027
0.000107,0.000027
0.000105,0.000027
0.000107,0.000027
0.000105,0.000027
1.272727
0.000116,0.000039
0.000103,0.000029
0.000103,0.000029
0.000119,0.000030
0.000105,0.000029
0.000105,0.000029
0.000124,0.000029
0.000103,0.000029
0.000105,0.000029
0.000103,0.000029
1.437500
0.000113,0.000037
0.000105,0.000028
0.000105,0.000028
0.000110,0.000036
0.000104,0.000028
0.000103,0.000028
0.000119,0.000030
0.000104,0.000037
0.000107,0.000028
0.000104,0.000028
1.312500
0.000113,0.000030
0.000103,0.000040
0.000105,0.000030
0.000105,0.000030
0.000109,0.000039
0.000103,0.000030
0.000103,0.000030
0.000126,0.000037
0.000103,0.000030
0.000103,0.000030
1.483871
0.000115,0.000029
0.000111,0.000038
0.000105,0.000029
0.000105,0.000028
0.000124,0.000037
0.000105,0.000029
0.000105,0.000028
0.000105,0.000029
0.000105,0.000039
0.000107,0.000029
1.294118
0.000112,0.000026
0.000105,0.000026
0.000104,0.000036
0.000106,0.000026
0.000104,0.000026
0.000134,0.000033
0.000104,0.000026
0.000106,0.000026
0.000122,0.000032
0.000104,0.000026
1.235294
0.000134,0.000028
0.000105,0.000028
0.000105,0.000028
0.000126,0.000036
0.000107,0.000028
0.000110,0.000028
0.000107,0.000046
0.000104,0.000028
0.000105,0.000028
0.000105,0.000028
1.272727
0.000115,0.000029
0.000110,0.000040
0.000105,0.000029
0.000106,0.000029
0.000127,0.000038
0.000105,0.000029
0.000105,0.000029
0.000105,0.000029
0.000107,0.000039
0.000105,0.000029
1.294118
0.000110,0.000028
0.000106,0.000038
0.000105,0.000028
0.000105,0.000028
0.000127,0.000037
0.000105,0.000028
0.000108,0.000028
0.000105,0.000028
0.000104,0.000038
0.000102,0.000028
1.375000
0.000110,0.000027
0.000103,0.000028
0.000105,0.000027
0.000109,0.000027
0.000105,0.000027
0.000105,0.000036
0.000103,0.000027
0.000103,0.000027
0.000123,0.000034
0.000105,0.000027
1.312500
