0.000043,0.000015
0.000038,0.000008
0.000037,0.000008
0.000037,0.000008
0.000037,0.000008
0.000037,0.000008
0.000037,0.000032
0.000036,0.000008
0.000036,0.000008
0.000036,0.000008
1.333333
0.000066,0.000011
0.000037,0.000009
0.000036,0.000008
0.000036,0.000009
0.000036,0.000008
0.000036,0.000008
0.000036,0.000008
0.000036,0.000026
0.000037,0.000008
0.000037,0.000008
1.333333
0.000044,0.000008
0.000036,0.000008
0.000037,0.000008
0.000036,0.000009
0.000036,0.000008
0.000036,0.000008
0.000036,0.000008
0.000036,0.000008
0.000036,0.000008
0.000036,0.000008
1.375000
0.000062,0.000009
0.000038,0.000009
0.000038,0.000009
0.000037,0.000009
0.000037,0.000009
0.000037,0.000009
0.000037,0.000009
0.000056,0.000011
0.000037,0.000009
0.000037,0.000009
1.500000
0.000044,0.000008
0.000037,0.000008
0.000058,0.000010
0.000037,0.000008
0.000037,0.000008
0.000037,0.000008
0.000037,0.000008
0.000037,0.000008
0.000036,0.000008
0.000037,0.000025
1.125000
0.000044,0.000008
0.000037,0.000008
0.000037,0.000008
0.000037,0.000008
0.000036,0.000008
0.000036,0.000010
0.000037,0.000008
0.000037,0.000008
0.000037,0.000008
0.000037,0.000008
1.375000
0.000045,0.000008
0.000037,0.000008
0.000042,0.000009
0.000043,0.000010
0.000042,0.000010
0.000040,0.000008
0.000037,0.000008
0.000037,0.000008
0.000075,0.000010
0.000036,0.000008
1.333333
0.000043,0.000009
0.000037,0.000008
0.000036,0.000008
0.000036,0.000008
0.000036,0.000011
0.000037,0.000008
0.000037,0.000008
0.000037,0.000008
0.000040,0.000008
0.000037,0.000008
1.600000
0.000058,0.000010
0.000038,0.000008
0.000038,0.000008
0.000037,0.000008
0.000037,0.000008
0.000037,0.000008
0.000037,0.000008
0.000052,0.000008
0.000037,0.000008
0.000036,0.000008
1.250000
0.000047,0.000008
0.000036,0.000008
0.000036,0.000008
0.000059,0.000010
0.000037,0.000008
0.000036,0.000008
0.000037,0.000008
0.000036,0.000008
0.000037,0.000008
0.000036,0.000008
1.466667
