0.000038,0.000007
0.000031,0.000007
0.000034,0.000009
0.000030,0.000007
0.000029,0.000007
0.000029,0.000007
0.000029,0.000007
0.000029,0.000007
0.000029,0.000007
0.000030,0.000007
1.692308
0.000039,0.000007
0.000032,0.000007
0.000031,0.000007
0.000031,0.000007
0.000033,0.000009
0.000030,0.000007
0.000030,0.000007
0.000030,0.000007
0.000030,0.000007
0.000030,0.000007
1.428571
0.000038,0.000007
0.000032,0.000009
0.000030,0.000007
0.000031,0.000007
0.000031,0.000007
0.000034,0.000007
0.000030,0.000007
0.000031,0.000007
0.000034,0.000032
0.000030,0.000007
1.428571
0.000037,0.000007
0.000030,0.000006
0.000029,0.000006
0.000029,0.000006
0.000029,0.000021
0.000030,0.000006
0.000030,0.000006
0.000029,0.000006
0.000029,0.000006
0.000033,0.000006
1.500000
0.000038,0.000008
0.000032,0.000007
0.000034,0.000009
0.000030,0.000007
0.000030,0.000007
0.000030,0.000007
0.000030,0.000007
0.000030,0.000007
0.000029,0.000007
0.000030,0.000007
1.692308
0.000038,0.000007
0.000034,0.000007
0.000031,0.000007
0.000030,0.000007
0.000031,0.000007
0.000030,0.000007
0.000030,0.000006
0.000030,0.000007
0.000030,0.000007
0.000029,0.000007
1.538462
0.000038,0.000007
0.000032,0.000007
0.000030,0.000007
0.000034,0.000009
0.000031,0.000007
0.000031,0.000007
0.000031,0.000007
0.000031,0.000007
0.000031,0.000007
0.000031,0.000007
1.200000
0.000038,0.000008
0.000031,0.000006
0.000030,0.000006
0.000030,0.000006
0.000030,0.000006
0.000030,0.000006
0.000030,0.000006
0.000030,0.000006
0.000030,0.000007
0.000030,0.000006
1.333333
0.000036,0.000007
0.000034,0.000007
0.000029,0.000007
0.000029,0.000007
0.000029,0.000007
0.000030,0.000008
0.000029,0.000007
0.000029,0.000007
0.000029,0.000006
0.000029,0.000007
1.384615
0.000037,0.000006
0.000031,0.000006
0.000030,0.000023
0.000030,0.000006
0.000030,0.000006
0.000030,0.000006
0.000030,0.000006
0.000033,0.000006
0.000030,0.000006
0.000030,0.000006
1.384615
