0.000035,0.000008
0.000028,0.000006
0.000027,0.000006
0.000027,0.000006
0.000027,0.000006
0.000027,0.000006
0.000027,0.000006
0.000027,0.000006
0.000029,0.000008
0.000027,0.000006
1.285714
0.000033,0.000006
0.000026,0.000006
0.000030,0.000007
0.000026,0.000006
0.000026,0.000006
0.000026,0.000006
0.000026,0.000006
0.000026,0.000005
0.000026,0.000005
0.000026,0.000006
1.636364
0.000057,0.000008
0.000028,0.000006
0.000027,0.000006
0.000027,0.000006
0.000027,0.000006
0.000027,0.000006
0.000027,0.000006
0.000027,0.000006
0.000027,0.000006
0.000027,0.000008
1.384615
0.000034,0.000006
0.000027,0.000006
0.000027,0.000006
0.000027,0.000006
0.000026,0.000006
0.000027,0.000007
0.000027,0.000006
0.000027,0.000006
0.000027,0.000006
0.000027,0.000006
1.285714
0.000033,0.000006
0.000027,0.000006
0.000026,0.000006
0.000026,0.000005
0.000042,0.000006
0.000027,0.000006
0.000026,0.000006
0.000026,0.000006
0.000026,0.000005
0.000026,0.000005
1.500000
0.000037,0.000006
0.000027,0.000005
0.000026,0.000005
0.000027,0.000005
0.000028,0.000006
0.000027,0.000005
0.000026,0.000005
0.000027,0.000005
0.000026,0.000005
0.000027,0.000005
1.333333
0.000034,0.000006
0.000027,0.000005
0.000026,0.000005
0.000026,0.000005
0.000027,0.000006
0.000026,0.000005
0.000026,0.000005
0.000026,0.000005
0.000026,0.000005
0.000026,0.000005
1.230769
0.000035,0.000006
0.000026,0.000005
0.000027,0.000005
0.000026,0.000005
0.000030,0.000005
0.000026,0.000005
0.000026,0.000005
0.000026,0.000005
0.000027,0.000005
0.000026,0.000005
1.333333
0.000033,0.000006
0.000027,0.000005
0.000026,0.000005
0.000026,0.000005
0.000030,0.000007
0.000026,0.000005
0.000026,0.000005
0.000026,0.000005
0.000026,0.000005
0.000026,0.000005
1.166667
0.000034,0.000006
0.000027,0.000006
0.000030,0.000051
0.000027,0.000006
0.000027,0.000006
0.000027,0.000006
0.000027,0.000006
0.000027,0.000006
0.000027,0.000006
0.000027,0.000006
1.384615
