0.000054,0.000011
0.000048,0.000010
0.000046,0.000010
0.000047,0.000011
0.000046,0.000010
0.000046,0.000014
0.000047,0.000010
0.000046,0.000010
0.000051,0.000010
0.000046,0.000010
1.263158
0.000053,0.000011
0.000046,0.000010
0.000046,0.000010
0.000046,0.000010
0.000046,0.000010
0.000047,0.000010
0.000047,0.000010
0.000047,0.000010
0.000047,0.000010
0.000047,0.000010
1.263158
0.000079,0.000014
0.000046,0.000011
0.000046,0.000011
0.000046,0.000011
0.000046,0.000011
0.000046,0.000011
0.000065,0.000014
0.000046,0.000011
0.000046,0.000011
0.000046,0.000011
1.400000
0.000054,0.000010
0.000046,0.000010
0.000051,0.000012
0.000048,0.000010
0.000048,0.000010
0.000045,0.000010
0.000045,0.000010
0.000045,0.000010
0.000051,0.000010
0.000045,0.000010
1.294118
0.000055,0.000015
0.000045,0.000011
0.000045,0.000010
0.000045,0.000010
0.000045,0.000011
0.000045,0.000010
0.000045,0.000010
0.000045,0.000010
0.000045,0.000011
0.000048,0.000011
1.411765
0.000054,0.000012
0.000048,0.000014
0.000046,0.000011
0.000047,0.000011
0.000047,0.000011
0.000046,0.000011
0.000046,0.000011
0.000046,0.000015
0.000048,0.000011
0.000048,0.000011
1.473684
0.000057,0.000010
0.000046,0.000010
0.000046,0.000031
0.000047,0.000010
0.000047,0.000010
0.000046,0.000010
0.000047,0.000010
0.000046,0.000010
0.000047,0.000010
0.000046,0.000010
1.444444
0.000054,0.000011
0.000051,0.000011
0.000047,0.000011
0.000047,0.000011
0.000048,0.000014
0.000047,0.000011
0.000047,0.000011
0.000047,0.000011
0.000047,0.000011
0.000047,0.000011
1.444444
0.000051,0.000011
0.000045,0.000011
0.000044,0.000011
0.000044,0.000011
0.000082,0.000012
0.000044,0.000011
0.000043,0.000011
0.000043,0.000011
0.000043,0.000011
0.000043,0.000011
1.866667
0.000054,0.000010
0.000046,0.000010
0.000046,0.000010
0.000046,0.000010
0.000046,0.000010
0.000071,0.000012
0.000045,0.000010
0.000045,0.000010
0.000045,0.000010
0.000045,0.000009
1.333333
