0.000113,0.000025
0.000081,0.000020
0.000081,0.000022
0.000081,0.000020
0.000105,0.000025
0.000081,0.000020
0.000081,0.000020
0.000081,0.000020
0.000081,0.000035
0.000082,0.000020
1.333333
0.000087,0.000021
0.000102,0.000026
0.000082,0.000021
0.000082,0.000021
0.000082,0.000021
0.000107,0.000028
0.000082,0.000021
0.000082,0.000021
0.000082,0.000021
0.000097,0.000026
1.214286
0.000089,0.000021
0.000082,0.000021
0.000082,0.000022
0.000082,0.000021
0.000082,0.000021
0.000082,0.000021
0.000082,0.000023
0.000081,0.000021
0.000082,0.000021
0.000081,0.000021
1.357143
0.000088,0.000020
0.000081,0.000020
0.000081,0.000020
0.000081,0.000026
0.000081,0.000019
0.000084,0.000020
0.000081,0.000020
0.000081,0.000026
0.000079,0.000020
0.000079,0.000019
1.307692
0.000088,0.000033
0.000082,0.000022
0.000082,0.000022
0.000082,0.000022
0.000080,0.000022
0.000080,0.000022
0.000080,0.000022
0.000080,0.000022
0.000080,0.000022
0.000080,0.000022
1.538462
0.000087,0.000020
0.000082,0.000020
0.000082,0.000020
0.000081,0.000020
0.000090,0.000020
0.000080,0.000020
0.000080,0.000020
0.000080,0.000020
0.000080,0.000021
0.000081,0.000020
1.384615
0.000089,0.000021
0.000083,0.000021
0.000087,0.000025
0.000084,0.000021
0.000084,0.000021
0.000084,0.000020
0.000089,0.000025
0.000082,0.000020
0.000082,0.000024
0.000082,0.000020
1.310345
0.000091,0.000029
0.000083,0.000021
0.000086,0.000021
0.000083,0.000021
0.000083,0.000029
0.000081,0.000021
0.000082,0.000021
0.000081,0.000021
0.000082,0.000029
0.000080,0.000021
1.285714
0.000090,0.000028
0.000082,0.000020
0.000081,0.000019
0.000081,0.000019
0.000082,0.000026
0.000081,0.000019
0.000081,0.000019
0.000081,0.000019
0.000081,0.000026
0.000082,0.000019
1.214286
0.000087,0.000042
0.000082,0.000020
0.000082,0.000020
0.000081,0.000020
0.000081,0.000022
0.000081,0.000020
0.000081,0.000020
0.000081,0.000020
0.000082,0.000036
0.000080,0.000020
1.461538
