0.000016,0.000003
0.000010,0.000003
0.000013,0.000003
0.000009,0.000003
0.000009,0.000003
0.000009,0.000003
0.000009,0.000003
0.000009,0.000003
0.000009,0.000003
0.000012,0.000003
1.666667
0.000015,0.000003
0.000009,0.000003
0.000009,0.000003
0.000009,0.000003
0.000009,0.000003
0.000009,0.000003
0.000009,0.000003
0.000008,0.000003
0.000008,0.000003
0.000008,0.000003
1.600000
0.000015,0.000003
0.000009,0.000003
0.000009,0.000002
0.000009,0.000002
0.000009,0.000002
0.000009,0.000002
0.000009,0.000002
0.000009,0.000002
0.000008,0.000002
0.000009,0.000002
1.000000
0.000015,0.000003
0.000009,0.000003
0.000009,0.000003
0.000009,0.000002
0.000008,0.000003
0.000008,0.000002
0.000008,0.000002
0.000008,0.000002
0.000008,0.000002
0.000008,0.000002
1.600000
0.000015,0.000003
0.000009,0.000003
0.000009,0.000003
0.000009,0.000003
0.000009,0.000003
0.000008,0.000003
0.000008,0.000002
0.000008,0.000003
0.000008,0.000003
0.000008,0.000002
2.000000
0.000015,0.000003
0.000009,0.000002
0.000008,0.000002
0.000012,0.000003
0.000008,0.000003
0.000008,0.000003
0.000008,0.000002
0.000008,0.000002
0.000008,0.000002
0.000008,0.000002
1.600000
0.000015,0.000003
0.000009,0.000003
0.000009,0.000002
0.000009,0.000003
0.000009,0.000003
0.000009,0.000002
0.000009,0.000002
0.000009,0.000003
0.000009,0.000003
0.000009,0.000003
1.666667
0.000015,0.000003
0.000009,0.000003
0.000009,0.000002
0.000008,0.000002
0.000008,0.000003
0.000026,0.000003
0.000009,0.000003
0.000008,0.000003
0.000008,0.000002
0.000008,0.000003
1.200000
0.000015,0.000003
0.000008,0.000003
0.000008,0.000002
0.000008,0.000003
0.000008,0.000002
0.000008,0.000002
0.000008,0.000002
0.000008,0.000002
0.000008,0.000002
0.000008,0.000002
2.000000
0.000015,0.000003
0.000009,0.000002
0.000009,0.000002
0.000008,0.000002
0.000008,0.000002
0.000009,0.000003
0.000009,0.000002
0.000009,0.000002
0.000009,0.000002
0.000009,0.000002
1.600000
