0.000039,0.000007
0.000032,0.000007
0.000031,0.000007
0.000031,0.000007
0.000031,0.000007
0.000031,0.000007
0.000051,0.000009
0.000031,0.000007
0.000031,0.000007
0.000031,0.000007
1.285714
0.000039,0.000008
0.000034,0.000009
0.000032,0.000007
0.000033,0.000007
0.000032,0.000007
0.000033,0.000007
0.000032,0.000007
0.000032,0.000007
0.000032,0.000007
0.000032,0.000009
1.692308
0.000040,0.000007
0.000033,0.000007
0.000033,0.000007
0.000032,0.000010
0.000032,0.000007
0.000032,0.000007
0.000032,0.000007
0.000032,0.000009
0.000032,0.000007
0.000032,0.000007
1.466667
0.000039,0.000007
0.000033,0.000007
0.000036,0.000009
0.000032,0.000007
0.000032,0.000007
0.000032,0.000007
0.000035,0.000007
0.000032,0.000007
0.000032,0.000007
0.000031,0.000007
1.428571
0.000039,0.000007
0.000031,0.000007
0.000031,0.000007
0.000031,0.000007
0.000031,0.000007
0.000031,0.000007
0.000031,0.000007
0.000031,0.000007
0.000031,0.000007
0.000031,0.000007
1.285714
0.000043,0.000007
0.000032,0.000007
0.000032,0.000007
0.000082,0.000009
0.000032,0.000007
0.000032,0.000007
0.000032,0.000007
0.000032,0.000007
0.000033,0.000007
0.000032,0.000007
1.200000
0.000044,0.000009
0.000032,0.000006
0.000031,0.000006
0.000031,0.000006
0.000034,0.000006
0.000031,0.000006
0.000031,0.000006
0.000031,0.000028
0.000030,0.000006
0.000030,0.000006
1.538462
0.000039,0.000008
0.000032,0.000007
0.000032,0.000007
0.000032,0.000007
0.000031,0.000007
0.000036,0.000009
0.000032,0.000007
0.000031,0.000007
0.000031,0.000007
0.000031,0.000007
1.714286
0.000040,0.000008
0.000033,0.000010
0.000036,0.000009
0.000036,0.000007
0.000033,0.000008
0.000033,0.000007
0.000033,0.000007
0.000033,0.000007
0.000033,0.000007
0.000033,0.000007
1.333333
0.000039,0.000007
0.000032,0.000007
0.000031,0.000007
0.000031,0.000007
0.000031,0.000007
0.000063,0.000008
0.000031,0.000007
0.000031,0.000007
0.000031,0.000007
0.000031,0.000007
1.384615
