0.000089,0.000027
0.000077,0.000019
0.000077,0.000019
0.000077,0.000019
0.000097,0.000024
0.000075,0.000019
0.000077,0.000019
0.000075,0.000019
0.000097,0.000022
0.000077,0.000019
1.384615
0.000079,0.000019
0.000077,0.000018
0.000073,0.000018
0.000077,0.000023
0.000075,0.000018
0.000075,0.000018
0.000075,0.000018
0.000075,0.000019
0.000073,0.000018
0.000073,0.000018
1.333333
0.000080,0.000019
0.000078,0.000025
0.000074,0.000019
0.000075,0.000019
0.000074,0.000019
0.000093,0.000021
0.000074,0.000019
0.000075,0.000019
0.000074,0.000019
0.000075,0.000019
1.416667
0.000081,0.000019
0.000075,0.000019
0.000077,0.000019
0.000080,0.000026
0.000076,0.000019
0.000081,0.000019
0.000076,0.000019
0.000116,0.000024
0.000076,0.000019
0.000076,0.000019
1.333333
0.000082,0.000018
0.000076,0.000018
0.000076,0.000018
0.000076,0.000018
0.000075,0.000018
0.000076,0.000018
0.000096,0.000022
0.000077,0.000018
0.000077,0.000018
0.000077,0.000018
1.259259
0.000083,0.000019
0.000077,0.000019
0.000077,0.000019
0.000077,0.000019
0.000077,0.000019
0.000075,0.000019
0.000075,0.000019
0.000075,0.000019
0.000075,0.000019
0.000074,0.000025
1.384615
0.000081,0.000020
0.000075,0.000019
0.000074,0.000019
0.000093,0.000025
0.000076,0.000019
0.000076,0.000019
0.000075,0.000019
0.000075,0.000019
0.000074,0.000019
0.000074,0.000019
1.307692
0.000080,0.000018
0.000076,0.000034
0.000075,0.000018
0.000074,0.000018
0.000074,0.000018
0.000074,0.000018
0.000074,0.000024
0.000072,0.000018
0.000072,0.000018
0.000072,0.000018
1.333333
0.000097,0.000024
0.000075,0.000019
0.000080,0.000019
0.000074,0.000019
0.000079,0.000024
0.000074,0.000020
0.000076,0.000019
0.000074,0.000019
0.000094,0.000025
0.000076,0.000019
1.307692
0.000081,0.000018
0.000073,0.000018
0.000074,0.000018
0.000073,0.000024
0.000079,0.000018
0.000077,0.000018
0.000079,0.000019
0.000076,0.000018
0.000074,0.000018
0.000072,0.000018
1.360000
