0.000010,0.000002
0.000004,0.000002
0.000004,0.000002
0.000005,0.000003
0.000004,0.000002
0.000004,0.000002
0.000004,0.000002
0.000004,0.000002
0.000004,0.000002
0.000004,0.000002
2.000000
0.000010,0.000002
0.000004,0.000002
0.000004,0.000002
0.000005,0.000003
0.000005,0.000002
0.000005,0.000002
0.000004,0.000002
0.000004,0.000002
0.000004,0.000002
0.000004,0.000002
1.333333
0.000010,0.000002
0.000004,0.000002
0.000004,0.000002
0.000004,0.000002
0.000007,0.000002
0.000004,0.000002
0.000004,0.000002
0.000004,0.000002
0.000004,0.000002
0.000004,0.000002
2.000000
0.000010,0.000002
0.000004,0.000002
0.000004,0.000002
0.000005,0.000003
0.000004,0.000002
0.000004,0.000002
0.000004,0.000002
0.000004,0.000002
0.000004,0.000002
0.000004,0.000002
2.000000
0.000010,0.000003
0.000004,0.000002
0.000004,0.000002
0.000004,0.000002
0.000004,0.000002
0.000004,0.000002
0.000004,0.000002
0.000004,0.000002
0.000004,0.000002
0.000004,0.000002
2.000000
0.000010,0.000002
0.000004,0.000002
0.000004,0.000002
0.000004,0.000002
0.000004,0.000002
0.000004,0.000002
0.000004,0.000002
0.000004,0.000002
0.000004,0.000002
0.000004,0.000002
2.000000
0.000010,0.000002
0.000004,0.000002
0.000004,0.000002
0.000004,0.000002
0.000004,0.000002
0.000004,0.000002
0.000004,0.000002
0.000004,0.000002
0.000004,0.000002
0.000004,0.000002
2.000000
0.000010,0.000002
0.000004,0.000002
0.000004,0.000002
0.000005,0.000002
0.000004,0.000002
0.000004,0.000002
0.000004,0.000002
0.000004,0.000002
0.000004,0.000002
0.000004,0.000002
2.000000
0.000010,0.000002
0.000004,0.000002
0.000004,0.000002
0.000004,0.000002
0.000004,0.000002
0.000004,0.000002
0.000004,0.000002
0.000004,0.000002
0.000004,0.000002
0.000004,0.000002
2.000000
0.000010,0.000002
0.000004,0.000002
0.000004,0.000002
0.000004,0.000002
0.000005,0.000002
0.000004,0.000002
0.000004,0.000002
0.000004,0.000002
0.000004,0.000002
0.000004,0.000002
2.000000
