0.000065,0.000013
0.000058,0.000013
0.000059,0.000017
0.000056,0.000013
0.000056,0.000013
0.000056,0.000013
0.000056,0.000013
0.000081,0.000015
0.000057,0.000013
0.000056,0.000013
1.300000
0.000065,0.000014
0.000058,0.000014
0.000058,0.000014
0.000058,0.000014
0.000064,0.000014
0.000057,0.000014
0.000056,0.000014
0.000060,0.000014
0.000056,0.000014
0.000057,0.000034
1.333333
0.000062,0.000014
0.000056,0.000014
0.000057,0.000014
0.000056,0.000014
0.000059,0.000014
0.000056,0.000014
0.000056,0.000014
0.000056,0.000018
0.000056,0.000014
0.000056,0.000014
1.473684
0.000063,0.000014
0.000056,0.000013
0.000056,0.000013
0.000056,0.000013
0.000074,0.000014
0.000056,0.000013
0.000056,0.000013
0.000056,0.000013
0.000056,0.000013
0.000056,0.000013
1.500000
0.000067,0.000014
0.000057,0.000014
0.000079,0.000015
0.000057,0.000014
0.000056,0.000014
0.000055,0.000014
0.000055,0.000014
0.000077,0.000017
0.000057,0.000014
0.000056,0.000014
1.500000
0.000066,0.000014
0.000089,0.000015
0.000057,0.000014
0.000057,0.000014
0.000057,0.000014
0.000057,0.000014
0.000057,0.000015
0.000057,0.000014
0.000057,0.000014
0.000057,0.000014
1.428571
0.000062,0.000014
0.000055,0.000014
0.000055,0.000013
0.000055,0.000014
0.000076,0.000014
0.000055,0.000014
0.000055,0.000013
0.000058,0.000014
0.000055,0.000013
0.000055,0.000014
1.400000
0.000065,0.000014
0.000058,0.000013
0.000080,0.000016
0.000058,0.000013
0.000057,0.000013
0.000061,0.000013
0.000057,0.000013
0.000058,0.000015
0.000059,0.000013
0.000059,0.000013
1.363636
0.000064,0.000014
0.000057,0.000014
0.000060,0.000014
0.000056,0.000014
0.000076,0.000014
0.000058,0.000014
0.000057,0.000014
0.000057,0.000014
0.000057,0.000014
0.000064,0.000018
1.333333
0.000063,0.000013
0.000057,0.000017
0.000057,0.000013
0.000056,0.000013
0.000056,0.000013
0.000056,0.000013
0.000064,0.000016
0.000055,0.000013
0.000055,0.000013
0.000055,0.000013
1.578947
