0.000055,0.000011
0.000049,0.000011
0.000047,0.000011
0.000048,0.000011
0.000047,0.000013
0.000047,0.000011
0.000048,0.000011
0.000047,0.000011
0.000048,0.000011
0.000047,0.000011
1.333333
0.000054,0.000012
0.000047,0.000012
0.000048,0.000012
0.000048,0.000012
0.000047,0.000011
0.000047,0.000012
0.000047,0.000011
0.000047,0.000030
0.000046,0.000011
0.000046,0.000011
1.411765
0.000055,0.000011
0.000048,0.000033
0.000049,0.000011
0.000049,0.000011
0.000049,0.000011
0.000049,0.000012
0.000049,0.000011
0.000071,0.000014
0.000048,0.000011
0.000048,0.000012
1.368421
0.000056,0.000011
0.000049,0.000011
0.000049,0.000010
0.000051,0.000014
0.000050,0.000010
0.000050,0.000010
0.000050,0.000010
0.000050,0.000010
0.000050,0.000010
0.000050,0.000013
1.157895
0.000055,0.000011
0.000047,0.000011
0.000047,0.000011
0.000048,0.000014
0.000049,0.000011
0.000048,0.000011
0.000048,0.000011
0.000048,0.000011
0.000048,0.000011
0.000049,0.000014
1.444444
0.000056,0.000013
0.000049,0.000013
0.000049,0.000013
0.000049,0.000013
0.000080,0.000016
0.000049,0.000013
0.000049,0.000013
0.000049,0.000013
0.000049,0.000013
0.000049,0.000013
1.428571
0.000057,0.000011
0.000050,0.000011
0.000049,0.000011
0.000049,0.000011
0.000055,0.000014
0.000049,0.000011
0.000049,0.000011
0.000049,0.000011
0.000049,0.000011
0.000049,0.000011
1.333333
0.000063,0.000012
0.000050,0.000011
0.000049,0.000011
0.000048,0.000011
0.000048,0.000011
0.000054,0.000014
0.000050,0.000011
0.000049,0.000011
0.000049,0.000011
0.000050,0.000011
1.142857
0.000055,0.000011
0.000048,0.000011
0.000048,0.000011
0.000048,0.000011
0.000071,0.000014
0.000049,0.000011
0.000049,0.000011
0.000049,0.000011
0.000049,0.000011
0.000049,0.000011
1.300000
0.000056,0.000011
0.000049,0.000011
0.000049,0.000011
0.000049,0.000012
0.000048,0.000011
0.000047,0.000011
0.000048,0.000011
0.000048,0.000011
0.000048,0.000011
0.000047,0.000013
1.444444
