0.000049,0.000009
0.000042,0.000009
0.000042,0.000009
0.000046,0.000009
0.000042,0.000009
0.000042,0.000009
0.000042,0.000012
0.000043,0.000009
0.000042,0.000009
0.000043,0.000009
1.333333
0.000055,0.000012
0.000043,0.000010
0.000041,0.000010
0.000043,0.000010
0.000041,0.000010
0.000042,0.000010
0.000045,0.000012
0.000042,0.000011
0.000041,0.000010
0.000045,0.000010
1.444444
0.000050,0.000010
0.000047,0.000012
0.000043,0.000009
0.000042,0.000009
0.000043,0.000009
0.000042,0.000009
0.000042,0.000009
0.000041,0.000038
0.000043,0.000009
0.000041,0.000009
1.222222
0.000048,0.000011
0.000040,0.000011
0.000040,0.000011
0.000057,0.000012
0.000040,0.000011
0.000040,0.000011
0.000040,0.000011
0.000043,0.000011
0.000040,0.000011
0.000040,0.000011
1.600000
0.000055,0.000012
0.000041,0.000009
0.000041,0.000009
0.000041,0.000009
0.000041,0.000009
0.000041,0.000010
0.000060,0.000012
0.000042,0.000009
0.000041,0.000009
0.000042,0.000009
1.411765
0.000051,0.000009
0.000040,0.000009
0.000040,0.000008
0.000042,0.000010
0.000040,0.000009
0.000040,0.000009
0.000040,0.000009
0.000040,0.000009
0.000040,0.000009
0.000044,0.000011
1.600000
0.000049,0.000009
0.000042,0.000009
0.000045,0.000009
0.000042,0.000009
0.000042,0.000009
0.000048,0.000011
0.000042,0.000009
0.000042,0.000009
0.000042,0.000009
0.000042,0.000009
1.333333
0.000048,0.000010
0.000041,0.000009
0.000041,0.000012
0.000041,0.000009
0.000041,0.000009
0.000041,0.000009
0.000041,0.000009
0.000041,0.000009
0.000041,0.000009
0.000044,0.000012
1.500000
0.000049,0.000009
0.000042,0.000009
0.000042,0.000009
0.000041,0.000009
0.000048,0.000011
0.000043,0.000009
0.000042,0.000009
0.000042,0.000009
0.000043,0.000009
0.000042,0.000009
1.157895
0.000048,0.000012
0.000043,0.000009
0.000041,0.000009
0.000042,0.000009
0.000041,0.000009
0.000042,0.000009
0.000042,0.000011
0.000045,0.000010
0.000040,0.000015
0.000041,0.000009
1.294118
