0.000049,0.000010
0.000044,0.000010
0.000043,0.000009
0.000043,0.000009
0.000043,0.000009
0.000043,0.000009
0.000043,0.000009
0.000043,0.000012
0.000042,0.000009
0.000042,0.000009
1.375000
0.000057,0.000013
0.000044,0.000010
0.000044,0.000010
0.000044,0.000010
0.000044,0.000010
0.000044,0.000010
0.000048,0.000013
0.000043,0.000010
0.000043,0.000010
0.000043,0.000010
1.411765
0.000052,0.000011
0.000045,0.000010
0.000045,0.000010
0.000044,0.000010
0.000044,0.000010
0.000044,0.000010
0.000044,0.000010
0.000044,0.000010
0.000073,0.000011
0.000044,0.000010
1.400000
0.000050,0.000010
0.000044,0.000009
0.000043,0.000009
0.000045,0.000012
0.000044,0.000009
0.000043,0.000009
0.000044,0.000009
0.000043,0.000009
0.000044,0.000009
0.000061,0.000011
1.222222
0.000055,0.000010
0.000045,0.000010
0.000044,0.000010
0.000044,0.000013
0.000045,0.000010
0.000044,0.000010
0.000044,0.000010
0.000044,0.000010
0.000044,0.000010
0.000048,0.000012
1.529412
0.000050,0.000011
0.000046,0.000010
0.000043,0.000010
0.000043,0.000010
0.000043,0.000014
0.000044,0.000010
0.000044,0.000010
0.000044,0.000010
0.000044,0.000010
0.000044,0.000010
1.529412
0.000051,0.000010
0.000044,0.000009
0.000047,0.000009
0.000043,0.000009
0.000043,0.000009
0.000048,0.000012
0.000045,0.000009
0.000045,0.000009
0.000045,0.000009
0.000045,0.000009
1.444444
0.000053,0.000011
0.000044,0.000015
0.000046,0.000010
0.000045,0.000011
0.000045,0.000010
0.000048,0.000011
0.000046,0.000010
0.000045,0.000011
0.000046,0.000013
0.000043,0.000011
1.333333
0.000051,0.000012
0.000043,0.000012
0.000044,0.000012
0.000061,0.000012
0.000043,0.000012
0.000043,0.000012
0.000043,0.000012
0.000046,0.000012
0.000043,0.000012
0.000043,0.000012
1.333333
0.000051,0.000010
0.000044,0.000010
0.000044,0.000010
0.000044,0.000010
0.000044,0.000010
0.000091,0.000012
0.000045,0.000010
0.000045,0.000010
0.000045,0.000010
0.000045,0.000010
1.263158
