0.000042,0.000007
0.000035,0.000007
0.000035,0.000007
0.000034,0.000007
0.000034,0.000007
0.000034,0.000007
0.000034,0.000007
0.000034,0.000007
0.000036,0.000009
0.000033,0.000007
1.428571
0.000050,0.000009
0.000034,0.000007
0.000034,0.000007
0.000034,0.000007
0.000034,0.000007
0.000033,0.000007
0.000034,0.000007
0.000034,0.000007
0.000034,0.000010
0.000035,0.000007
1.285714
0.000041,0.000007
0.000034,0.000007
0.000033,0.000007
0.000037,0.000009
0.000034,0.000007
0.000034,0.000007
0.000034,0.000007
0.000034,0.000007
0.000034,0.000007
0.000034,0.000007
1.428571
0.000042,0.000008
0.000034,0.000007
0.000033,0.000007
0.000033,0.000007
0.000033,0.000007
0.000033,0.000007
0.000033,0.000007
0.000033,0.000007
0.000062,0.000009
0.000034,0.000007
1.466667
0.000041,0.000007
0.000034,0.000007
0.000033,0.000007
0.000033,0.000007
0.000050,0.000007
0.000034,0.000007
0.000034,0.000007
0.000034,0.000007
0.000034,0.000007
0.000034,0.000007
1.285714
0.000063,0.000009
0.000034,0.000007
0.000034,0.000007
0.000033,0.000007
0.000033,0.000007
0.000033,0.000007
0.000034,0.000007
0.000033,0.000007
0.000034,0.000010
0.000034,0.000007
1.428571
0.000040,0.000007
0.000033,0.000007
0.000033,0.000007
0.000077,0.000008
0.000034,0.000007
0.000033,0.000007
0.000034,0.000007
0.000033,0.000007
0.000034,0.000007
0.000033,0.000007
1.230769
0.000061,0.000009
0.000034,0.000008
0.000034,0.000007
0.000034,0.000008
0.000034,0.000007
0.000034,0.000007
0.000034,0.000007
0.000034,0.000007
0.000040,0.000009
0.000035,0.000007
1.333333
0.000042,0.000007
0.000035,0.000007
0.000034,0.000007
0.000052,0.000007
0.000035,0.000007
0.000034,0.000007
0.000035,0.000007
0.000034,0.000007
0.000034,0.000007
0.000034,0.000007
1.200000
0.000043,0.000008
0.000035,0.000008
0.000035,0.000008
0.000035,0.000008
0.000035,0.000010
0.000034,0.000008
0.000034,0.000008
0.000034,0.000008
0.000034,0.000007
0.000034,0.000007
1.333333
