0.000023,0.000004
0.000016,0.000004
0.000016,0.000003
0.000016,0.000003
0.000034,0.000004
0.000016,0.000004
0.000016,0.000003
0.000016,0.000003
0.000015,0.000003
0.000016,0.000004
1.333333
0.000023,0.000004
0.000017,0.000004
0.000020,0.000004
0.000017,0.000004
0.000016,0.000004
0.000016,0.000004
0.000016,0.000004
0.000016,0.000004
0.000016,0.000004
0.000016,0.000004
1.000000
0.000022,0.000004
0.000016,0.000004
0.000015,0.000004
0.000015,0.000004
0.000015,0.000004
0.000018,0.000005
0.000015,0.000004
0.000015,0.000004
0.000015,0.000004
0.000015,0.000004
1.750000
0.000022,0.000004
0.000015,0.000003
0.000015,0.000003
0.000015,0.000003
0.000015,0.000003
0.000015,0.000003
0.000015,0.000003
0.000015,0.000003
0.000015,0.000003
0.000015,0.000003
1.428571
0.000064,0.000006
0.000017,0.000004
0.000016,0.000004
0.000016,0.000004
0.000016,0.000004
0.000016,0.000004
0.000016,0.000004
0.000016,0.000004
0.000016,0.000004
0.000016,0.000004
1.555556
0.000022,0.000004
0.000016,0.000004
0.000015,0.000004
0.000015,0.000004
0.000015,0.000004
0.000015,0.000004
0.000015,0.000004
0.000015,0.000004
0.000015,0.000004
0.000015,0.000004
1.714286
0.000022,0.000004
0.000016,0.000004
0.000015,0.000004
0.000015,0.000004
0.000015,0.000004
0.000015,0.000004
0.000015,0.000004
0.000015,0.000004
0.000015,0.000004
0.000015,0.000004
1.500000
0.000022,0.000004
0.000016,0.000004
0.000015,0.000004
0.000016,0.000004
0.000015,0.000004
0.000016,0.000004
0.000015,0.000004
0.000019,0.000004
0.000015,0.000004
0.000015,0.000004
2.000000
0.000023,0.000004
0.000016,0.000004
0.000016,0.000004
0.000016,0.000004
0.000016,0.000004
0.000016,0.000003
0.000015,0.000004
0.000016,0.000003
0.000016,0.000003
0.000032,0.000004
1.333333
0.000023,0.000004
0.000017,0.000004
0.000016,0.000004
0.000016,0.000004
0.000016,0.000004
0.000016,0.000004
0.000016,0.000004
0.000016,0.000004
0.000016,0.000004
0.000016,0.000004
1.555556
